 10409
 22909
 32909
 45409
 55409
 67909
 80409
 90409
102909
112909
 10418
 22918
 32918
 45418
 55418
 67918
 80418
 90418
102918
112918
 10427
 22927
 32927
 45427
 55427
 67927
 80427
 90427
102927
112927
 10436
 22936
 32936
 45436
 55436
 67936
 80436
 90436
102936
112936
 10445
 22945
 32945
 45445
 55445
 67945
 80445
 90445
102945
112945
 10454
 22954
 32954
 45454
 55454
 67954
 80454
 90454
102954
112954
 10463
 22963
 32963
 45463
 55463
 67963
 80463
 90463
102963
112963
 10472
 22972
 32972
 45472
 55472
 67972
 80472
 90472
102972
112972
 10481
 22981
 32981
 45481
 55481
 67981
 80481
 90481
102981
112981
 10490
 22990
 32990
 45490
 55490
 67990
 80490
 90490
102990
112990
