/*--------------------------------*- C++ -*----------------------------------*\
| =========                 |                                                 |
| \\      /  F ield         | OpenFOAM: The Open Source CFD Toolbox           |
|  \\    /   O peration     | Version:  v2012                                 |
|   \\  /    A nd           | Website:  www.openfoam.com                      |
|    \\/     M anipulation  |                                                 |
\*---------------------------------------------------------------------------*/
FoamFile
{
    version     2.0;
    format      ascii;
    class       vectorField;
    location    "constant/polyMesh";
    object      points;
}
// * * * * * * * * * * * * * * * * * * * * * * * * * * * * * * * * * * * * * //


3969
(
(0 0 0)
(0.1 0 0)
(0.2 0 0)
(0.3 0 0)
(0.4 0 0)
(0.5 0 0)
(0.6 0 0)
(0.7 0 0)
(0.8 0 0)
(0.9 0 0)
(1 0 0)
(1.1 0 0)
(1.2 0 0)
(1.3 0 0)
(1.4 0 0)
(1.5 0 0)
(1.6 0 0)
(1.7 0 0)
(1.8 0 0)
(1.9 0 0)
(2 0 0)
(0 0.0125 0)
(0.1 0.0125 0)
(0.2 0.0125 0)
(0.3 0.0125 0)
(0.4 0.0125 0)
(0.5 0.0125 0)
(0.6 0.0125 0)
(0.7 0.0125 0)
(0.8 0.0125 0)
(0.9 0.0125 0)
(1 0.0125 0)
(1.1 0.0125 0)
(1.2 0.0125 0)
(1.3 0.0125 0)
(1.4 0.0125 0)
(1.5 0.0125 0)
(1.6 0.0125 0)
(1.7 0.0125 0)
(1.8 0.0125 0)
(1.9 0.0125 0)
(2 0.0125 0)
(0 0.025 0)
(0.1 0.025 0)
(0.2 0.025 0)
(0.3 0.025 0)
(0.4 0.025 0)
(0.5 0.025 0)
(0.6 0.025 0)
(0.7 0.025 0)
(0.8 0.025 0)
(0.9 0.025 0)
(1 0.025 0)
(1.1 0.025 0)
(1.2 0.025 0)
(1.3 0.025 0)
(1.4 0.025 0)
(1.5 0.025 0)
(1.6 0.025 0)
(1.7 0.025 0)
(1.8 0.025 0)
(1.9 0.025 0)
(2 0.025 0)
(0 0.0375 0)
(0.1 0.0375 0)
(0.2 0.0375 0)
(0.3 0.0375 0)
(0.4 0.0375 0)
(0.5 0.0375 0)
(0.6 0.0375 0)
(0.7 0.0375 0)
(0.8 0.0375 0)
(0.9 0.0375 0)
(1 0.0375 0)
(1.1 0.0375 0)
(1.2 0.0375 0)
(1.3 0.0375 0)
(1.4 0.0375 0)
(1.5 0.0375 0)
(1.6 0.0375 0)
(1.7 0.0375 0)
(1.8 0.0375 0)
(1.9 0.0375 0)
(2 0.0375 0)
(0 0.05 0)
(0.1 0.05 0)
(0.2 0.05 0)
(0.3 0.05 0)
(0.4 0.05 0)
(0.5 0.05 0)
(0.6 0.05 0)
(0.7 0.05 0)
(0.8 0.05 0)
(0.9 0.05 0)
(1 0.05 0)
(1.1 0.05 0)
(1.2 0.05 0)
(1.3 0.05 0)
(1.4 0.05 0)
(1.5 0.05 0)
(1.6 0.05 0)
(1.7 0.05 0)
(1.8 0.05 0)
(1.9 0.05 0)
(2 0.05 0)
(0 0.0625 0)
(0.1 0.0625 0)
(0.2 0.0625 0)
(0.3 0.0625 0)
(0.4 0.0625 0)
(0.5 0.0625 0)
(0.6 0.0625 0)
(0.7 0.0625 0)
(0.8 0.0625 0)
(0.9 0.0625 0)
(1 0.0625 0)
(1.1 0.0625 0)
(1.2 0.0625 0)
(1.3 0.0625 0)
(1.4 0.0625 0)
(1.5 0.0625 0)
(1.6 0.0625 0)
(1.7 0.0625 0)
(1.8 0.0625 0)
(1.9 0.0625 0)
(2 0.0625 0)
(0 0.075 0)
(0.1 0.075 0)
(0.2 0.075 0)
(0.3 0.075 0)
(0.4 0.075 0)
(0.5 0.075 0)
(0.6 0.075 0)
(0.7 0.075 0)
(0.8 0.075 0)
(0.9 0.075 0)
(1 0.075 0)
(1.1 0.075 0)
(1.2 0.075 0)
(1.3 0.075 0)
(1.4 0.075 0)
(1.5 0.075 0)
(1.6 0.075 0)
(1.7 0.075 0)
(1.8 0.075 0)
(1.9 0.075 0)
(2 0.075 0)
(0 0.0875 0)
(0.1 0.0875 0)
(0.2 0.0875 0)
(0.3 0.0875 0)
(0.4 0.0875 0)
(0.5 0.0875 0)
(0.6 0.0875 0)
(0.7 0.0875 0)
(0.8 0.0875 0)
(0.9 0.0875 0)
(1 0.0875 0)
(1.1 0.0875 0)
(1.2 0.0875 0)
(1.3 0.0875 0)
(1.4 0.0875 0)
(1.5 0.0875 0)
(1.6 0.0875 0)
(1.7 0.0875 0)
(1.8 0.0875 0)
(1.9 0.0875 0)
(2 0.0875 0)
(0 0.1 0)
(0.1 0.1 0)
(0.2 0.1 0)
(0.3 0.1 0)
(0.4 0.1 0)
(0.5 0.1 0)
(0.6 0.1 0)
(0.7 0.1 0)
(0.8 0.1 0)
(0.9 0.1 0)
(1 0.1 0)
(1.1 0.1 0)
(1.2 0.1 0)
(1.3 0.1 0)
(1.4 0.1 0)
(1.5 0.1 0)
(1.6 0.1 0)
(1.7 0.1 0)
(1.8 0.1 0)
(1.9 0.1 0)
(2 0.1 0)
(0 0 0.06)
(0.1 0 0.06)
(0.2 0 0.06)
(0.3 0 0.06)
(0.4 0 0.06)
(0.5 0 0.06)
(0.6 0 0.06)
(0.7 0 0.06)
(0.8 0 0.06)
(0.9 0 0.06)
(1 0 0.06)
(1.1 0 0.06)
(1.2 0 0.06)
(1.3 0 0.06)
(1.4 0 0.06)
(1.5 0 0.06)
(1.6 0 0.06)
(1.7 0 0.06)
(1.8 0 0.06)
(1.9 0 0.06)
(2 0 0.06)
(0 0.0125 0.06)
(0.1 0.0125 0.06)
(0.2 0.0125 0.06)
(0.3 0.0125 0.06)
(0.4 0.0125 0.06)
(0.5 0.0125 0.06)
(0.6 0.0125 0.06)
(0.7 0.0125 0.06)
(0.8 0.0125 0.06)
(0.9 0.0125 0.06)
(1 0.0125 0.06)
(1.1 0.0125 0.06)
(1.2 0.0125 0.06)
(1.3 0.0125 0.06)
(1.4 0.0125 0.06)
(1.5 0.0125 0.06)
(1.6 0.0125 0.06)
(1.7 0.0125 0.06)
(1.8 0.0125 0.06)
(1.9 0.0125 0.06)
(2 0.0125 0.06)
(0 0.025 0.06)
(0.1 0.025 0.06)
(0.2 0.025 0.06)
(0.3 0.025 0.06)
(0.4 0.025 0.06)
(0.5 0.025 0.06)
(0.6 0.025 0.06)
(0.7 0.025 0.06)
(0.8 0.025 0.06)
(0.9 0.025 0.06)
(1 0.025 0.06)
(1.1 0.025 0.06)
(1.2 0.025 0.06)
(1.3 0.025 0.06)
(1.4 0.025 0.06)
(1.5 0.025 0.06)
(1.6 0.025 0.06)
(1.7 0.025 0.06)
(1.8 0.025 0.06)
(1.9 0.025 0.06)
(2 0.025 0.06)
(0 0.0375 0.06)
(0.1 0.0375 0.06)
(0.2 0.0375 0.06)
(0.3 0.0375 0.06)
(0.4 0.0375 0.06)
(0.5 0.0375 0.06)
(0.6 0.0375 0.06)
(0.7 0.0375 0.06)
(0.8 0.0375 0.06)
(0.9 0.0375 0.06)
(1 0.0375 0.06)
(1.1 0.0375 0.06)
(1.2 0.0375 0.06)
(1.3 0.0375 0.06)
(1.4 0.0375 0.06)
(1.5 0.0375 0.06)
(1.6 0.0375 0.06)
(1.7 0.0375 0.06)
(1.8 0.0375 0.06)
(1.9 0.0375 0.06)
(2 0.0375 0.06)
(0 0.05 0.06)
(0.1 0.05 0.06)
(0.2 0.05 0.06)
(0.3 0.05 0.06)
(0.4 0.05 0.06)
(0.5 0.05 0.06)
(0.6 0.05 0.06)
(0.7 0.05 0.06)
(0.8 0.05 0.06)
(0.9 0.05 0.06)
(1 0.05 0.06)
(1.1 0.05 0.06)
(1.2 0.05 0.06)
(1.3 0.05 0.06)
(1.4 0.05 0.06)
(1.5 0.05 0.06)
(1.6 0.05 0.06)
(1.7 0.05 0.06)
(1.8 0.05 0.06)
(1.9 0.05 0.06)
(2 0.05 0.06)
(0 0.0625 0.06)
(0.1 0.0625 0.06)
(0.2 0.0625 0.06)
(0.3 0.0625 0.06)
(0.4 0.0625 0.06)
(0.5 0.0625 0.06)
(0.6 0.0625 0.06)
(0.7 0.0625 0.06)
(0.8 0.0625 0.06)
(0.9 0.0625 0.06)
(1 0.0625 0.06)
(1.1 0.0625 0.06)
(1.2 0.0625 0.06)
(1.3 0.0625 0.06)
(1.4 0.0625 0.06)
(1.5 0.0625 0.06)
(1.6 0.0625 0.06)
(1.7 0.0625 0.06)
(1.8 0.0625 0.06)
(1.9 0.0625 0.06)
(2 0.0625 0.06)
(0 0.075 0.06)
(0.1 0.075 0.06)
(0.2 0.075 0.06)
(0.3 0.075 0.06)
(0.4 0.075 0.06)
(0.5 0.075 0.06)
(0.6 0.075 0.06)
(0.7 0.075 0.06)
(0.8 0.075 0.06)
(0.9 0.075 0.06)
(1 0.075 0.06)
(1.1 0.075 0.06)
(1.2 0.075 0.06)
(1.3 0.075 0.06)
(1.4 0.075 0.06)
(1.5 0.075 0.06)
(1.6 0.075 0.06)
(1.7 0.075 0.06)
(1.8 0.075 0.06)
(1.9 0.075 0.06)
(2 0.075 0.06)
(0 0.0875 0.06)
(0.1 0.0875 0.06)
(0.2 0.0875 0.06)
(0.3 0.0875 0.06)
(0.4 0.0875 0.06)
(0.5 0.0875 0.06)
(0.6 0.0875 0.06)
(0.7 0.0875 0.06)
(0.8 0.0875 0.06)
(0.9 0.0875 0.06)
(1 0.0875 0.06)
(1.1 0.0875 0.06)
(1.2 0.0875 0.06)
(1.3 0.0875 0.06)
(1.4 0.0875 0.06)
(1.5 0.0875 0.06)
(1.6 0.0875 0.06)
(1.7 0.0875 0.06)
(1.8 0.0875 0.06)
(1.9 0.0875 0.06)
(2 0.0875 0.06)
(0 0.1 0.06)
(0.1 0.1 0.06)
(0.2 0.1 0.06)
(0.3 0.1 0.06)
(0.4 0.1 0.06)
(0.5 0.1 0.06)
(0.6 0.1 0.06)
(0.7 0.1 0.06)
(0.8 0.1 0.06)
(0.9 0.1 0.06)
(1 0.1 0.06)
(1.1 0.1 0.06)
(1.2 0.1 0.06)
(1.3 0.1 0.06)
(1.4 0.1 0.06)
(1.5 0.1 0.06)
(1.6 0.1 0.06)
(1.7 0.1 0.06)
(1.8 0.1 0.06)
(1.9 0.1 0.06)
(2 0.1 0.06)
(0 0 0.12)
(0.1 0 0.12)
(0.2 0 0.12)
(0.3 0 0.12)
(0.4 0 0.12)
(0.5 0 0.12)
(0.6 0 0.12)
(0.7 0 0.12)
(0.8 0 0.12)
(0.9 0 0.12)
(1 0 0.12)
(1.1 0 0.12)
(1.2 0 0.12)
(1.3 0 0.12)
(1.4 0 0.12)
(1.5 0 0.12)
(1.6 0 0.12)
(1.7 0 0.12)
(1.8 0 0.12)
(1.9 0 0.12)
(2 0 0.12)
(0 0.0125 0.12)
(0.1 0.0125 0.12)
(0.2 0.0125 0.12)
(0.3 0.0125 0.12)
(0.4 0.0125 0.12)
(0.5 0.0125 0.12)
(0.6 0.0125 0.12)
(0.7 0.0125 0.12)
(0.8 0.0125 0.12)
(0.9 0.0125 0.12)
(1 0.0125 0.12)
(1.1 0.0125 0.12)
(1.2 0.0125 0.12)
(1.3 0.0125 0.12)
(1.4 0.0125 0.12)
(1.5 0.0125 0.12)
(1.6 0.0125 0.12)
(1.7 0.0125 0.12)
(1.8 0.0125 0.12)
(1.9 0.0125 0.12)
(2 0.0125 0.12)
(0 0.025 0.12)
(0.1 0.025 0.12)
(0.2 0.025 0.12)
(0.3 0.025 0.12)
(0.4 0.025 0.12)
(0.5 0.025 0.12)
(0.6 0.025 0.12)
(0.7 0.025 0.12)
(0.8 0.025 0.12)
(0.9 0.025 0.12)
(1 0.025 0.12)
(1.1 0.025 0.12)
(1.2 0.025 0.12)
(1.3 0.025 0.12)
(1.4 0.025 0.12)
(1.5 0.025 0.12)
(1.6 0.025 0.12)
(1.7 0.025 0.12)
(1.8 0.025 0.12)
(1.9 0.025 0.12)
(2 0.025 0.12)
(0 0.0375 0.12)
(0.1 0.0375 0.12)
(0.2 0.0375 0.12)
(0.3 0.0375 0.12)
(0.4 0.0375 0.12)
(0.5 0.0375 0.12)
(0.6 0.0375 0.12)
(0.7 0.0375 0.12)
(0.8 0.0375 0.12)
(0.9 0.0375 0.12)
(1 0.0375 0.12)
(1.1 0.0375 0.12)
(1.2 0.0375 0.12)
(1.3 0.0375 0.12)
(1.4 0.0375 0.12)
(1.5 0.0375 0.12)
(1.6 0.0375 0.12)
(1.7 0.0375 0.12)
(1.8 0.0375 0.12)
(1.9 0.0375 0.12)
(2 0.0375 0.12)
(0 0.05 0.12)
(0.1 0.05 0.12)
(0.2 0.05 0.12)
(0.3 0.05 0.12)
(0.4 0.05 0.12)
(0.5 0.05 0.12)
(0.6 0.05 0.12)
(0.7 0.05 0.12)
(0.8 0.05 0.12)
(0.9 0.05 0.12)
(1 0.05 0.12)
(1.1 0.05 0.12)
(1.2 0.05 0.12)
(1.3 0.05 0.12)
(1.4 0.05 0.12)
(1.5 0.05 0.12)
(1.6 0.05 0.12)
(1.7 0.05 0.12)
(1.8 0.05 0.12)
(1.9 0.05 0.12)
(2 0.05 0.12)
(0 0.0625 0.12)
(0.1 0.0625 0.12)
(0.2 0.0625 0.12)
(0.3 0.0625 0.12)
(0.4 0.0625 0.12)
(0.5 0.0625 0.12)
(0.6 0.0625 0.12)
(0.7 0.0625 0.12)
(0.8 0.0625 0.12)
(0.9 0.0625 0.12)
(1 0.0625 0.12)
(1.1 0.0625 0.12)
(1.2 0.0625 0.12)
(1.3 0.0625 0.12)
(1.4 0.0625 0.12)
(1.5 0.0625 0.12)
(1.6 0.0625 0.12)
(1.7 0.0625 0.12)
(1.8 0.0625 0.12)
(1.9 0.0625 0.12)
(2 0.0625 0.12)
(0 0.075 0.12)
(0.1 0.075 0.12)
(0.2 0.075 0.12)
(0.3 0.075 0.12)
(0.4 0.075 0.12)
(0.5 0.075 0.12)
(0.6 0.075 0.12)
(0.7 0.075 0.12)
(0.8 0.075 0.12)
(0.9 0.075 0.12)
(1 0.075 0.12)
(1.1 0.075 0.12)
(1.2 0.075 0.12)
(1.3 0.075 0.12)
(1.4 0.075 0.12)
(1.5 0.075 0.12)
(1.6 0.075 0.12)
(1.7 0.075 0.12)
(1.8 0.075 0.12)
(1.9 0.075 0.12)
(2 0.075 0.12)
(0 0.0875 0.12)
(0.1 0.0875 0.12)
(0.2 0.0875 0.12)
(0.3 0.0875 0.12)
(0.4 0.0875 0.12)
(0.5 0.0875 0.12)
(0.6 0.0875 0.12)
(0.7 0.0875 0.12)
(0.8 0.0875 0.12)
(0.9 0.0875 0.12)
(1 0.0875 0.12)
(1.1 0.0875 0.12)
(1.2 0.0875 0.12)
(1.3 0.0875 0.12)
(1.4 0.0875 0.12)
(1.5 0.0875 0.12)
(1.6 0.0875 0.12)
(1.7 0.0875 0.12)
(1.8 0.0875 0.12)
(1.9 0.0875 0.12)
(2 0.0875 0.12)
(0 0.1 0.12)
(0.1 0.1 0.12)
(0.2 0.1 0.12)
(0.3 0.1 0.12)
(0.4 0.1 0.12)
(0.5 0.1 0.12)
(0.6 0.1 0.12)
(0.7 0.1 0.12)
(0.8 0.1 0.12)
(0.9 0.1 0.12)
(1 0.1 0.12)
(1.1 0.1 0.12)
(1.2 0.1 0.12)
(1.3 0.1 0.12)
(1.4 0.1 0.12)
(1.5 0.1 0.12)
(1.6 0.1 0.12)
(1.7 0.1 0.12)
(1.8 0.1 0.12)
(1.9 0.1 0.12)
(2 0.1 0.12)
(0 0 0.18)
(0.1 0 0.18)
(0.2 0 0.18)
(0.3 0 0.18)
(0.4 0 0.18)
(0.5 0 0.18)
(0.6 0 0.18)
(0.7 0 0.18)
(0.8 0 0.18)
(0.9 0 0.18)
(1 0 0.18)
(1.1 0 0.18)
(1.2 0 0.18)
(1.3 0 0.18)
(1.4 0 0.18)
(1.5 0 0.18)
(1.6 0 0.18)
(1.7 0 0.18)
(1.8 0 0.18)
(1.9 0 0.18)
(2 0 0.18)
(0 0.0125 0.18)
(0.1 0.0125 0.18)
(0.2 0.0125 0.18)
(0.3 0.0125 0.18)
(0.4 0.0125 0.18)
(0.5 0.0125 0.18)
(0.6 0.0125 0.18)
(0.7 0.0125 0.18)
(0.8 0.0125 0.18)
(0.9 0.0125 0.18)
(1 0.0125 0.18)
(1.1 0.0125 0.18)
(1.2 0.0125 0.18)
(1.3 0.0125 0.18)
(1.4 0.0125 0.18)
(1.5 0.0125 0.18)
(1.6 0.0125 0.18)
(1.7 0.0125 0.18)
(1.8 0.0125 0.18)
(1.9 0.0125 0.18)
(2 0.0125 0.18)
(0 0.025 0.18)
(0.1 0.025 0.18)
(0.2 0.025 0.18)
(0.3 0.025 0.18)
(0.4 0.025 0.18)
(0.5 0.025 0.18)
(0.6 0.025 0.18)
(0.7 0.025 0.18)
(0.8 0.025 0.18)
(0.9 0.025 0.18)
(1 0.025 0.18)
(1.1 0.025 0.18)
(1.2 0.025 0.18)
(1.3 0.025 0.18)
(1.4 0.025 0.18)
(1.5 0.025 0.18)
(1.6 0.025 0.18)
(1.7 0.025 0.18)
(1.8 0.025 0.18)
(1.9 0.025 0.18)
(2 0.025 0.18)
(0 0.0375 0.18)
(0.1 0.0375 0.18)
(0.2 0.0375 0.18)
(0.3 0.0375 0.18)
(0.4 0.0375 0.18)
(0.5 0.0375 0.18)
(0.6 0.0375 0.18)
(0.7 0.0375 0.18)
(0.8 0.0375 0.18)
(0.9 0.0375 0.18)
(1 0.0375 0.18)
(1.1 0.0375 0.18)
(1.2 0.0375 0.18)
(1.3 0.0375 0.18)
(1.4 0.0375 0.18)
(1.5 0.0375 0.18)
(1.6 0.0375 0.18)
(1.7 0.0375 0.18)
(1.8 0.0375 0.18)
(1.9 0.0375 0.18)
(2 0.0375 0.18)
(0 0.05 0.18)
(0.1 0.05 0.18)
(0.2 0.05 0.18)
(0.3 0.05 0.18)
(0.4 0.05 0.18)
(0.5 0.05 0.18)
(0.6 0.05 0.18)
(0.7 0.05 0.18)
(0.8 0.05 0.18)
(0.9 0.05 0.18)
(1 0.05 0.18)
(1.1 0.05 0.18)
(1.2 0.05 0.18)
(1.3 0.05 0.18)
(1.4 0.05 0.18)
(1.5 0.05 0.18)
(1.6 0.05 0.18)
(1.7 0.05 0.18)
(1.8 0.05 0.18)
(1.9 0.05 0.18)
(2 0.05 0.18)
(0 0.0625 0.18)
(0.1 0.0625 0.18)
(0.2 0.0625 0.18)
(0.3 0.0625 0.18)
(0.4 0.0625 0.18)
(0.5 0.0625 0.18)
(0.6 0.0625 0.18)
(0.7 0.0625 0.18)
(0.8 0.0625 0.18)
(0.9 0.0625 0.18)
(1 0.0625 0.18)
(1.1 0.0625 0.18)
(1.2 0.0625 0.18)
(1.3 0.0625 0.18)
(1.4 0.0625 0.18)
(1.5 0.0625 0.18)
(1.6 0.0625 0.18)
(1.7 0.0625 0.18)
(1.8 0.0625 0.18)
(1.9 0.0625 0.18)
(2 0.0625 0.18)
(0 0.075 0.18)
(0.1 0.075 0.18)
(0.2 0.075 0.18)
(0.3 0.075 0.18)
(0.4 0.075 0.18)
(0.5 0.075 0.18)
(0.6 0.075 0.18)
(0.7 0.075 0.18)
(0.8 0.075 0.18)
(0.9 0.075 0.18)
(1 0.075 0.18)
(1.1 0.075 0.18)
(1.2 0.075 0.18)
(1.3 0.075 0.18)
(1.4 0.075 0.18)
(1.5 0.075 0.18)
(1.6 0.075 0.18)
(1.7 0.075 0.18)
(1.8 0.075 0.18)
(1.9 0.075 0.18)
(2 0.075 0.18)
(0 0.0875 0.18)
(0.1 0.0875 0.18)
(0.2 0.0875 0.18)
(0.3 0.0875 0.18)
(0.4 0.0875 0.18)
(0.5 0.0875 0.18)
(0.6 0.0875 0.18)
(0.7 0.0875 0.18)
(0.8 0.0875 0.18)
(0.9 0.0875 0.18)
(1 0.0875 0.18)
(1.1 0.0875 0.18)
(1.2 0.0875 0.18)
(1.3 0.0875 0.18)
(1.4 0.0875 0.18)
(1.5 0.0875 0.18)
(1.6 0.0875 0.18)
(1.7 0.0875 0.18)
(1.8 0.0875 0.18)
(1.9 0.0875 0.18)
(2 0.0875 0.18)
(0 0.1 0.18)
(0.1 0.1 0.18)
(0.2 0.1 0.18)
(0.3 0.1 0.18)
(0.4 0.1 0.18)
(0.5 0.1 0.18)
(0.6 0.1 0.18)
(0.7 0.1 0.18)
(0.8 0.1 0.18)
(0.9 0.1 0.18)
(1 0.1 0.18)
(1.1 0.1 0.18)
(1.2 0.1 0.18)
(1.3 0.1 0.18)
(1.4 0.1 0.18)
(1.5 0.1 0.18)
(1.6 0.1 0.18)
(1.7 0.1 0.18)
(1.8 0.1 0.18)
(1.9 0.1 0.18)
(2 0.1 0.18)
(0 0 0.24)
(0.1 0 0.24)
(0.2 0 0.24)
(0.3 0 0.24)
(0.4 0 0.24)
(0.5 0 0.24)
(0.6 0 0.24)
(0.7 0 0.24)
(0.8 0 0.24)
(0.9 0 0.24)
(1 0 0.24)
(1.1 0 0.24)
(1.2 0 0.24)
(1.3 0 0.24)
(1.4 0 0.24)
(1.5 0 0.24)
(1.6 0 0.24)
(1.7 0 0.24)
(1.8 0 0.24)
(1.9 0 0.24)
(2 0 0.24)
(0 0.0125 0.24)
(0.1 0.0125 0.24)
(0.2 0.0125 0.24)
(0.3 0.0125 0.24)
(0.4 0.0125 0.24)
(0.5 0.0125 0.24)
(0.6 0.0125 0.24)
(0.7 0.0125 0.24)
(0.8 0.0125 0.24)
(0.9 0.0125 0.24)
(1 0.0125 0.24)
(1.1 0.0125 0.24)
(1.2 0.0125 0.24)
(1.3 0.0125 0.24)
(1.4 0.0125 0.24)
(1.5 0.0125 0.24)
(1.6 0.0125 0.24)
(1.7 0.0125 0.24)
(1.8 0.0125 0.24)
(1.9 0.0125 0.24)
(2 0.0125 0.24)
(0 0.025 0.24)
(0.1 0.025 0.24)
(0.2 0.025 0.24)
(0.3 0.025 0.24)
(0.4 0.025 0.24)
(0.5 0.025 0.24)
(0.6 0.025 0.24)
(0.7 0.025 0.24)
(0.8 0.025 0.24)
(0.9 0.025 0.24)
(1 0.025 0.24)
(1.1 0.025 0.24)
(1.2 0.025 0.24)
(1.3 0.025 0.24)
(1.4 0.025 0.24)
(1.5 0.025 0.24)
(1.6 0.025 0.24)
(1.7 0.025 0.24)
(1.8 0.025 0.24)
(1.9 0.025 0.24)
(2 0.025 0.24)
(0 0.0375 0.24)
(0.1 0.0375 0.24)
(0.2 0.0375 0.24)
(0.3 0.0375 0.24)
(0.4 0.0375 0.24)
(0.5 0.0375 0.24)
(0.6 0.0375 0.24)
(0.7 0.0375 0.24)
(0.8 0.0375 0.24)
(0.9 0.0375 0.24)
(1 0.0375 0.24)
(1.1 0.0375 0.24)
(1.2 0.0375 0.24)
(1.3 0.0375 0.24)
(1.4 0.0375 0.24)
(1.5 0.0375 0.24)
(1.6 0.0375 0.24)
(1.7 0.0375 0.24)
(1.8 0.0375 0.24)
(1.9 0.0375 0.24)
(2 0.0375 0.24)
(0 0.05 0.24)
(0.1 0.05 0.24)
(0.2 0.05 0.24)
(0.3 0.05 0.24)
(0.4 0.05 0.24)
(0.5 0.05 0.24)
(0.6 0.05 0.24)
(0.7 0.05 0.24)
(0.8 0.05 0.24)
(0.9 0.05 0.24)
(1 0.05 0.24)
(1.1 0.05 0.24)
(1.2 0.05 0.24)
(1.3 0.05 0.24)
(1.4 0.05 0.24)
(1.5 0.05 0.24)
(1.6 0.05 0.24)
(1.7 0.05 0.24)
(1.8 0.05 0.24)
(1.9 0.05 0.24)
(2 0.05 0.24)
(0 0.0625 0.24)
(0.1 0.0625 0.24)
(0.2 0.0625 0.24)
(0.3 0.0625 0.24)
(0.4 0.0625 0.24)
(0.5 0.0625 0.24)
(0.6 0.0625 0.24)
(0.7 0.0625 0.24)
(0.8 0.0625 0.24)
(0.9 0.0625 0.24)
(1 0.0625 0.24)
(1.1 0.0625 0.24)
(1.2 0.0625 0.24)
(1.3 0.0625 0.24)
(1.4 0.0625 0.24)
(1.5 0.0625 0.24)
(1.6 0.0625 0.24)
(1.7 0.0625 0.24)
(1.8 0.0625 0.24)
(1.9 0.0625 0.24)
(2 0.0625 0.24)
(0 0.075 0.24)
(0.1 0.075 0.24)
(0.2 0.075 0.24)
(0.3 0.075 0.24)
(0.4 0.075 0.24)
(0.5 0.075 0.24)
(0.6 0.075 0.24)
(0.7 0.075 0.24)
(0.8 0.075 0.24)
(0.9 0.075 0.24)
(1 0.075 0.24)
(1.1 0.075 0.24)
(1.2 0.075 0.24)
(1.3 0.075 0.24)
(1.4 0.075 0.24)
(1.5 0.075 0.24)
(1.6 0.075 0.24)
(1.7 0.075 0.24)
(1.8 0.075 0.24)
(1.9 0.075 0.24)
(2 0.075 0.24)
(0 0.0875 0.24)
(0.1 0.0875 0.24)
(0.2 0.0875 0.24)
(0.3 0.0875 0.24)
(0.4 0.0875 0.24)
(0.5 0.0875 0.24)
(0.6 0.0875 0.24)
(0.7 0.0875 0.24)
(0.8 0.0875 0.24)
(0.9 0.0875 0.24)
(1 0.0875 0.24)
(1.1 0.0875 0.24)
(1.2 0.0875 0.24)
(1.3 0.0875 0.24)
(1.4 0.0875 0.24)
(1.5 0.0875 0.24)
(1.6 0.0875 0.24)
(1.7 0.0875 0.24)
(1.8 0.0875 0.24)
(1.9 0.0875 0.24)
(2 0.0875 0.24)
(0 0.1 0.24)
(0.1 0.1 0.24)
(0.2 0.1 0.24)
(0.3 0.1 0.24)
(0.4 0.1 0.24)
(0.5 0.1 0.24)
(0.6 0.1 0.24)
(0.7 0.1 0.24)
(0.8 0.1 0.24)
(0.9 0.1 0.24)
(1 0.1 0.24)
(1.1 0.1 0.24)
(1.2 0.1 0.24)
(1.3 0.1 0.24)
(1.4 0.1 0.24)
(1.5 0.1 0.24)
(1.6 0.1 0.24)
(1.7 0.1 0.24)
(1.8 0.1 0.24)
(1.9 0.1 0.24)
(2 0.1 0.24)
(0 0 0.3)
(0.1 0 0.3)
(0.2 0 0.3)
(0.3 0 0.3)
(0.4 0 0.3)
(0.5 0 0.3)
(0.6 0 0.3)
(0.7 0 0.3)
(0.8 0 0.3)
(0.9 0 0.3)
(1 0 0.3)
(1.1 0 0.3)
(1.2 0 0.3)
(1.3 0 0.3)
(1.4 0 0.3)
(1.5 0 0.3)
(1.6 0 0.3)
(1.7 0 0.3)
(1.8 0 0.3)
(1.9 0 0.3)
(2 0 0.3)
(0 0.0125 0.3)
(0.1 0.0125 0.3)
(0.2 0.0125 0.3)
(0.3 0.0125 0.3)
(0.4 0.0125 0.3)
(0.5 0.0125 0.3)
(0.6 0.0125 0.3)
(0.7 0.0125 0.3)
(0.8 0.0125 0.3)
(0.9 0.0125 0.3)
(1 0.0125 0.3)
(1.1 0.0125 0.3)
(1.2 0.0125 0.3)
(1.3 0.0125 0.3)
(1.4 0.0125 0.3)
(1.5 0.0125 0.3)
(1.6 0.0125 0.3)
(1.7 0.0125 0.3)
(1.8 0.0125 0.3)
(1.9 0.0125 0.3)
(2 0.0125 0.3)
(0 0.025 0.3)
(0.1 0.025 0.3)
(0.2 0.025 0.3)
(0.3 0.025 0.3)
(0.4 0.025 0.3)
(0.5 0.025 0.3)
(0.6 0.025 0.3)
(0.7 0.025 0.3)
(0.8 0.025 0.3)
(0.9 0.025 0.3)
(1 0.025 0.3)
(1.1 0.025 0.3)
(1.2 0.025 0.3)
(1.3 0.025 0.3)
(1.4 0.025 0.3)
(1.5 0.025 0.3)
(1.6 0.025 0.3)
(1.7 0.025 0.3)
(1.8 0.025 0.3)
(1.9 0.025 0.3)
(2 0.025 0.3)
(0 0.0375 0.3)
(0.1 0.0375 0.3)
(0.2 0.0375 0.3)
(0.3 0.0375 0.3)
(0.4 0.0375 0.3)
(0.5 0.0375 0.3)
(0.6 0.0375 0.3)
(0.7 0.0375 0.3)
(0.8 0.0375 0.3)
(0.9 0.0375 0.3)
(1 0.0375 0.3)
(1.1 0.0375 0.3)
(1.2 0.0375 0.3)
(1.3 0.0375 0.3)
(1.4 0.0375 0.3)
(1.5 0.0375 0.3)
(1.6 0.0375 0.3)
(1.7 0.0375 0.3)
(1.8 0.0375 0.3)
(1.9 0.0375 0.3)
(2 0.0375 0.3)
(0 0.05 0.3)
(0.1 0.05 0.3)
(0.2 0.05 0.3)
(0.3 0.05 0.3)
(0.4 0.05 0.3)
(0.5 0.05 0.3)
(0.6 0.05 0.3)
(0.7 0.05 0.3)
(0.8 0.05 0.3)
(0.9 0.05 0.3)
(1 0.05 0.3)
(1.1 0.05 0.3)
(1.2 0.05 0.3)
(1.3 0.05 0.3)
(1.4 0.05 0.3)
(1.5 0.05 0.3)
(1.6 0.05 0.3)
(1.7 0.05 0.3)
(1.8 0.05 0.3)
(1.9 0.05 0.3)
(2 0.05 0.3)
(0 0.0625 0.3)
(0.1 0.0625 0.3)
(0.2 0.0625 0.3)
(0.3 0.0625 0.3)
(0.4 0.0625 0.3)
(0.5 0.0625 0.3)
(0.6 0.0625 0.3)
(0.7 0.0625 0.3)
(0.8 0.0625 0.3)
(0.9 0.0625 0.3)
(1 0.0625 0.3)
(1.1 0.0625 0.3)
(1.2 0.0625 0.3)
(1.3 0.0625 0.3)
(1.4 0.0625 0.3)
(1.5 0.0625 0.3)
(1.6 0.0625 0.3)
(1.7 0.0625 0.3)
(1.8 0.0625 0.3)
(1.9 0.0625 0.3)
(2 0.0625 0.3)
(0 0.075 0.3)
(0.1 0.075 0.3)
(0.2 0.075 0.3)
(0.3 0.075 0.3)
(0.4 0.075 0.3)
(0.5 0.075 0.3)
(0.6 0.075 0.3)
(0.7 0.075 0.3)
(0.8 0.075 0.3)
(0.9 0.075 0.3)
(1 0.075 0.3)
(1.1 0.075 0.3)
(1.2 0.075 0.3)
(1.3 0.075 0.3)
(1.4 0.075 0.3)
(1.5 0.075 0.3)
(1.6 0.075 0.3)
(1.7 0.075 0.3)
(1.8 0.075 0.3)
(1.9 0.075 0.3)
(2 0.075 0.3)
(0 0.0875 0.3)
(0.1 0.0875 0.3)
(0.2 0.0875 0.3)
(0.3 0.0875 0.3)
(0.4 0.0875 0.3)
(0.5 0.0875 0.3)
(0.6 0.0875 0.3)
(0.7 0.0875 0.3)
(0.8 0.0875 0.3)
(0.9 0.0875 0.3)
(1 0.0875 0.3)
(1.1 0.0875 0.3)
(1.2 0.0875 0.3)
(1.3 0.0875 0.3)
(1.4 0.0875 0.3)
(1.5 0.0875 0.3)
(1.6 0.0875 0.3)
(1.7 0.0875 0.3)
(1.8 0.0875 0.3)
(1.9 0.0875 0.3)
(2 0.0875 0.3)
(0 0.1 0.3)
(0.1 0.1 0.3)
(0.2 0.1 0.3)
(0.3 0.1 0.3)
(0.4 0.1 0.3)
(0.5 0.1 0.3)
(0.6 0.1 0.3)
(0.7 0.1 0.3)
(0.8 0.1 0.3)
(0.9 0.1 0.3)
(1 0.1 0.3)
(1.1 0.1 0.3)
(1.2 0.1 0.3)
(1.3 0.1 0.3)
(1.4 0.1 0.3)
(1.5 0.1 0.3)
(1.6 0.1 0.3)
(1.7 0.1 0.3)
(1.8 0.1 0.3)
(1.9 0.1 0.3)
(2 0.1 0.3)
(0 0 0.36)
(0.1 0 0.36)
(0.2 0 0.36)
(0.3 0 0.36)
(0.4 0 0.36)
(0.5 0 0.36)
(0.6 0 0.36)
(0.7 0 0.36)
(0.8 0 0.36)
(0.9 0 0.36)
(1 0 0.36)
(1.1 0 0.36)
(1.2 0 0.36)
(1.3 0 0.36)
(1.4 0 0.36)
(1.5 0 0.36)
(1.6 0 0.36)
(1.7 0 0.36)
(1.8 0 0.36)
(1.9 0 0.36)
(2 0 0.36)
(0 0.0125 0.36)
(0.1 0.0125 0.36)
(0.2 0.0125 0.36)
(0.3 0.0125 0.36)
(0.4 0.0125 0.36)
(0.5 0.0125 0.36)
(0.6 0.0125 0.36)
(0.7 0.0125 0.36)
(0.8 0.0125 0.36)
(0.9 0.0125 0.36)
(1 0.0125 0.36)
(1.1 0.0125 0.36)
(1.2 0.0125 0.36)
(1.3 0.0125 0.36)
(1.4 0.0125 0.36)
(1.5 0.0125 0.36)
(1.6 0.0125 0.36)
(1.7 0.0125 0.36)
(1.8 0.0125 0.36)
(1.9 0.0125 0.36)
(2 0.0125 0.36)
(0 0.025 0.36)
(0.1 0.025 0.36)
(0.2 0.025 0.36)
(0.3 0.025 0.36)
(0.4 0.025 0.36)
(0.5 0.025 0.36)
(0.6 0.025 0.36)
(0.7 0.025 0.36)
(0.8 0.025 0.36)
(0.9 0.025 0.36)
(1 0.025 0.36)
(1.1 0.025 0.36)
(1.2 0.025 0.36)
(1.3 0.025 0.36)
(1.4 0.025 0.36)
(1.5 0.025 0.36)
(1.6 0.025 0.36)
(1.7 0.025 0.36)
(1.8 0.025 0.36)
(1.9 0.025 0.36)
(2 0.025 0.36)
(0 0.0375 0.36)
(0.1 0.0375 0.36)
(0.2 0.0375 0.36)
(0.3 0.0375 0.36)
(0.4 0.0375 0.36)
(0.5 0.0375 0.36)
(0.6 0.0375 0.36)
(0.7 0.0375 0.36)
(0.8 0.0375 0.36)
(0.9 0.0375 0.36)
(1 0.0375 0.36)
(1.1 0.0375 0.36)
(1.2 0.0375 0.36)
(1.3 0.0375 0.36)
(1.4 0.0375 0.36)
(1.5 0.0375 0.36)
(1.6 0.0375 0.36)
(1.7 0.0375 0.36)
(1.8 0.0375 0.36)
(1.9 0.0375 0.36)
(2 0.0375 0.36)
(0 0.05 0.36)
(0.1 0.05 0.36)
(0.2 0.05 0.36)
(0.3 0.05 0.36)
(0.4 0.05 0.36)
(0.5 0.05 0.36)
(0.6 0.05 0.36)
(0.7 0.05 0.36)
(0.8 0.05 0.36)
(0.9 0.05 0.36)
(1 0.05 0.36)
(1.1 0.05 0.36)
(1.2 0.05 0.36)
(1.3 0.05 0.36)
(1.4 0.05 0.36)
(1.5 0.05 0.36)
(1.6 0.05 0.36)
(1.7 0.05 0.36)
(1.8 0.05 0.36)
(1.9 0.05 0.36)
(2 0.05 0.36)
(0 0.0625 0.36)
(0.1 0.0625 0.36)
(0.2 0.0625 0.36)
(0.3 0.0625 0.36)
(0.4 0.0625 0.36)
(0.5 0.0625 0.36)
(0.6 0.0625 0.36)
(0.7 0.0625 0.36)
(0.8 0.0625 0.36)
(0.9 0.0625 0.36)
(1 0.0625 0.36)
(1.1 0.0625 0.36)
(1.2 0.0625 0.36)
(1.3 0.0625 0.36)
(1.4 0.0625 0.36)
(1.5 0.0625 0.36)
(1.6 0.0625 0.36)
(1.7 0.0625 0.36)
(1.8 0.0625 0.36)
(1.9 0.0625 0.36)
(2 0.0625 0.36)
(0 0.075 0.36)
(0.1 0.075 0.36)
(0.2 0.075 0.36)
(0.3 0.075 0.36)
(0.4 0.075 0.36)
(0.5 0.075 0.36)
(0.6 0.075 0.36)
(0.7 0.075 0.36)
(0.8 0.075 0.36)
(0.9 0.075 0.36)
(1 0.075 0.36)
(1.1 0.075 0.36)
(1.2 0.075 0.36)
(1.3 0.075 0.36)
(1.4 0.075 0.36)
(1.5 0.075 0.36)
(1.6 0.075 0.36)
(1.7 0.075 0.36)
(1.8 0.075 0.36)
(1.9 0.075 0.36)
(2 0.075 0.36)
(0 0.0875 0.36)
(0.1 0.0875 0.36)
(0.2 0.0875 0.36)
(0.3 0.0875 0.36)
(0.4 0.0875 0.36)
(0.5 0.0875 0.36)
(0.6 0.0875 0.36)
(0.7 0.0875 0.36)
(0.8 0.0875 0.36)
(0.9 0.0875 0.36)
(1 0.0875 0.36)
(1.1 0.0875 0.36)
(1.2 0.0875 0.36)
(1.3 0.0875 0.36)
(1.4 0.0875 0.36)
(1.5 0.0875 0.36)
(1.6 0.0875 0.36)
(1.7 0.0875 0.36)
(1.8 0.0875 0.36)
(1.9 0.0875 0.36)
(2 0.0875 0.36)
(0 0.1 0.36)
(0.1 0.1 0.36)
(0.2 0.1 0.36)
(0.3 0.1 0.36)
(0.4 0.1 0.36)
(0.5 0.1 0.36)
(0.6 0.1 0.36)
(0.7 0.1 0.36)
(0.8 0.1 0.36)
(0.9 0.1 0.36)
(1 0.1 0.36)
(1.1 0.1 0.36)
(1.2 0.1 0.36)
(1.3 0.1 0.36)
(1.4 0.1 0.36)
(1.5 0.1 0.36)
(1.6 0.1 0.36)
(1.7 0.1 0.36)
(1.8 0.1 0.36)
(1.9 0.1 0.36)
(2 0.1 0.36)
(0 0 0.42)
(0.1 0 0.42)
(0.2 0 0.42)
(0.3 0 0.42)
(0.4 0 0.42)
(0.5 0 0.42)
(0.6 0 0.42)
(0.7 0 0.42)
(0.8 0 0.42)
(0.9 0 0.42)
(1 0 0.42)
(1.1 0 0.42)
(1.2 0 0.42)
(1.3 0 0.42)
(1.4 0 0.42)
(1.5 0 0.42)
(1.6 0 0.42)
(1.7 0 0.42)
(1.8 0 0.42)
(1.9 0 0.42)
(2 0 0.42)
(0 0.0125 0.42)
(0.1 0.0125 0.42)
(0.2 0.0125 0.42)
(0.3 0.0125 0.42)
(0.4 0.0125 0.42)
(0.5 0.0125 0.42)
(0.6 0.0125 0.42)
(0.7 0.0125 0.42)
(0.8 0.0125 0.42)
(0.9 0.0125 0.42)
(1 0.0125 0.42)
(1.1 0.0125 0.42)
(1.2 0.0125 0.42)
(1.3 0.0125 0.42)
(1.4 0.0125 0.42)
(1.5 0.0125 0.42)
(1.6 0.0125 0.42)
(1.7 0.0125 0.42)
(1.8 0.0125 0.42)
(1.9 0.0125 0.42)
(2 0.0125 0.42)
(0 0.025 0.42)
(0.1 0.025 0.42)
(0.2 0.025 0.42)
(0.3 0.025 0.42)
(0.4 0.025 0.42)
(0.5 0.025 0.42)
(0.6 0.025 0.42)
(0.7 0.025 0.42)
(0.8 0.025 0.42)
(0.9 0.025 0.42)
(1 0.025 0.42)
(1.1 0.025 0.42)
(1.2 0.025 0.42)
(1.3 0.025 0.42)
(1.4 0.025 0.42)
(1.5 0.025 0.42)
(1.6 0.025 0.42)
(1.7 0.025 0.42)
(1.8 0.025 0.42)
(1.9 0.025 0.42)
(2 0.025 0.42)
(0 0.0375 0.42)
(0.1 0.0375 0.42)
(0.2 0.0375 0.42)
(0.3 0.0375 0.42)
(0.4 0.0375 0.42)
(0.5 0.0375 0.42)
(0.6 0.0375 0.42)
(0.7 0.0375 0.42)
(0.8 0.0375 0.42)
(0.9 0.0375 0.42)
(1 0.0375 0.42)
(1.1 0.0375 0.42)
(1.2 0.0375 0.42)
(1.3 0.0375 0.42)
(1.4 0.0375 0.42)
(1.5 0.0375 0.42)
(1.6 0.0375 0.42)
(1.7 0.0375 0.42)
(1.8 0.0375 0.42)
(1.9 0.0375 0.42)
(2 0.0375 0.42)
(0 0.05 0.42)
(0.1 0.05 0.42)
(0.2 0.05 0.42)
(0.3 0.05 0.42)
(0.4 0.05 0.42)
(0.5 0.05 0.42)
(0.6 0.05 0.42)
(0.7 0.05 0.42)
(0.8 0.05 0.42)
(0.9 0.05 0.42)
(1 0.05 0.42)
(1.1 0.05 0.42)
(1.2 0.05 0.42)
(1.3 0.05 0.42)
(1.4 0.05 0.42)
(1.5 0.05 0.42)
(1.6 0.05 0.42)
(1.7 0.05 0.42)
(1.8 0.05 0.42)
(1.9 0.05 0.42)
(2 0.05 0.42)
(0 0.0625 0.42)
(0.1 0.0625 0.42)
(0.2 0.0625 0.42)
(0.3 0.0625 0.42)
(0.4 0.0625 0.42)
(0.5 0.0625 0.42)
(0.6 0.0625 0.42)
(0.7 0.0625 0.42)
(0.8 0.0625 0.42)
(0.9 0.0625 0.42)
(1 0.0625 0.42)
(1.1 0.0625 0.42)
(1.2 0.0625 0.42)
(1.3 0.0625 0.42)
(1.4 0.0625 0.42)
(1.5 0.0625 0.42)
(1.6 0.0625 0.42)
(1.7 0.0625 0.42)
(1.8 0.0625 0.42)
(1.9 0.0625 0.42)
(2 0.0625 0.42)
(0 0.075 0.42)
(0.1 0.075 0.42)
(0.2 0.075 0.42)
(0.3 0.075 0.42)
(0.4 0.075 0.42)
(0.5 0.075 0.42)
(0.6 0.075 0.42)
(0.7 0.075 0.42)
(0.8 0.075 0.42)
(0.9 0.075 0.42)
(1 0.075 0.42)
(1.1 0.075 0.42)
(1.2 0.075 0.42)
(1.3 0.075 0.42)
(1.4 0.075 0.42)
(1.5 0.075 0.42)
(1.6 0.075 0.42)
(1.7 0.075 0.42)
(1.8 0.075 0.42)
(1.9 0.075 0.42)
(2 0.075 0.42)
(0 0.0875 0.42)
(0.1 0.0875 0.42)
(0.2 0.0875 0.42)
(0.3 0.0875 0.42)
(0.4 0.0875 0.42)
(0.5 0.0875 0.42)
(0.6 0.0875 0.42)
(0.7 0.0875 0.42)
(0.8 0.0875 0.42)
(0.9 0.0875 0.42)
(1 0.0875 0.42)
(1.1 0.0875 0.42)
(1.2 0.0875 0.42)
(1.3 0.0875 0.42)
(1.4 0.0875 0.42)
(1.5 0.0875 0.42)
(1.6 0.0875 0.42)
(1.7 0.0875 0.42)
(1.8 0.0875 0.42)
(1.9 0.0875 0.42)
(2 0.0875 0.42)
(0 0.1 0.42)
(0.1 0.1 0.42)
(0.2 0.1 0.42)
(0.3 0.1 0.42)
(0.4 0.1 0.42)
(0.5 0.1 0.42)
(0.6 0.1 0.42)
(0.7 0.1 0.42)
(0.8 0.1 0.42)
(0.9 0.1 0.42)
(1 0.1 0.42)
(1.1 0.1 0.42)
(1.2 0.1 0.42)
(1.3 0.1 0.42)
(1.4 0.1 0.42)
(1.5 0.1 0.42)
(1.6 0.1 0.42)
(1.7 0.1 0.42)
(1.8 0.1 0.42)
(1.9 0.1 0.42)
(2 0.1 0.42)
(0 0 0.48)
(0.1 0 0.48)
(0.2 0 0.48)
(0.3 0 0.48)
(0.4 0 0.48)
(0.5 0 0.48)
(0.6 0 0.48)
(0.7 0 0.48)
(0.8 0 0.48)
(0.9 0 0.48)
(1 0 0.48)
(1.1 0 0.48)
(1.2 0 0.48)
(1.3 0 0.48)
(1.4 0 0.48)
(1.5 0 0.48)
(1.6 0 0.48)
(1.7 0 0.48)
(1.8 0 0.48)
(1.9 0 0.48)
(2 0 0.48)
(0 0.0125 0.48)
(0.1 0.0125 0.48)
(0.2 0.0125 0.48)
(0.3 0.0125 0.48)
(0.4 0.0125 0.48)
(0.5 0.0125 0.48)
(0.6 0.0125 0.48)
(0.7 0.0125 0.48)
(0.8 0.0125 0.48)
(0.9 0.0125 0.48)
(1 0.0125 0.48)
(1.1 0.0125 0.48)
(1.2 0.0125 0.48)
(1.3 0.0125 0.48)
(1.4 0.0125 0.48)
(1.5 0.0125 0.48)
(1.6 0.0125 0.48)
(1.7 0.0125 0.48)
(1.8 0.0125 0.48)
(1.9 0.0125 0.48)
(2 0.0125 0.48)
(0 0.025 0.48)
(0.1 0.025 0.48)
(0.2 0.025 0.48)
(0.3 0.025 0.48)
(0.4 0.025 0.48)
(0.5 0.025 0.48)
(0.6 0.025 0.48)
(0.7 0.025 0.48)
(0.8 0.025 0.48)
(0.9 0.025 0.48)
(1 0.025 0.48)
(1.1 0.025 0.48)
(1.2 0.025 0.48)
(1.3 0.025 0.48)
(1.4 0.025 0.48)
(1.5 0.025 0.48)
(1.6 0.025 0.48)
(1.7 0.025 0.48)
(1.8 0.025 0.48)
(1.9 0.025 0.48)
(2 0.025 0.48)
(0 0.0375 0.48)
(0.1 0.0375 0.48)
(0.2 0.0375 0.48)
(0.3 0.0375 0.48)
(0.4 0.0375 0.48)
(0.5 0.0375 0.48)
(0.6 0.0375 0.48)
(0.7 0.0375 0.48)
(0.8 0.0375 0.48)
(0.9 0.0375 0.48)
(1 0.0375 0.48)
(1.1 0.0375 0.48)
(1.2 0.0375 0.48)
(1.3 0.0375 0.48)
(1.4 0.0375 0.48)
(1.5 0.0375 0.48)
(1.6 0.0375 0.48)
(1.7 0.0375 0.48)
(1.8 0.0375 0.48)
(1.9 0.0375 0.48)
(2 0.0375 0.48)
(0 0.05 0.48)
(0.1 0.05 0.48)
(0.2 0.05 0.48)
(0.3 0.05 0.48)
(0.4 0.05 0.48)
(0.5 0.05 0.48)
(0.6 0.05 0.48)
(0.7 0.05 0.48)
(0.8 0.05 0.48)
(0.9 0.05 0.48)
(1 0.05 0.48)
(1.1 0.05 0.48)
(1.2 0.05 0.48)
(1.3 0.05 0.48)
(1.4 0.05 0.48)
(1.5 0.05 0.48)
(1.6 0.05 0.48)
(1.7 0.05 0.48)
(1.8 0.05 0.48)
(1.9 0.05 0.48)
(2 0.05 0.48)
(0 0.0625 0.48)
(0.1 0.0625 0.48)
(0.2 0.0625 0.48)
(0.3 0.0625 0.48)
(0.4 0.0625 0.48)
(0.5 0.0625 0.48)
(0.6 0.0625 0.48)
(0.7 0.0625 0.48)
(0.8 0.0625 0.48)
(0.9 0.0625 0.48)
(1 0.0625 0.48)
(1.1 0.0625 0.48)
(1.2 0.0625 0.48)
(1.3 0.0625 0.48)
(1.4 0.0625 0.48)
(1.5 0.0625 0.48)
(1.6 0.0625 0.48)
(1.7 0.0625 0.48)
(1.8 0.0625 0.48)
(1.9 0.0625 0.48)
(2 0.0625 0.48)
(0 0.075 0.48)
(0.1 0.075 0.48)
(0.2 0.075 0.48)
(0.3 0.075 0.48)
(0.4 0.075 0.48)
(0.5 0.075 0.48)
(0.6 0.075 0.48)
(0.7 0.075 0.48)
(0.8 0.075 0.48)
(0.9 0.075 0.48)
(1 0.075 0.48)
(1.1 0.075 0.48)
(1.2 0.075 0.48)
(1.3 0.075 0.48)
(1.4 0.075 0.48)
(1.5 0.075 0.48)
(1.6 0.075 0.48)
(1.7 0.075 0.48)
(1.8 0.075 0.48)
(1.9 0.075 0.48)
(2 0.075 0.48)
(0 0.0875 0.48)
(0.1 0.0875 0.48)
(0.2 0.0875 0.48)
(0.3 0.0875 0.48)
(0.4 0.0875 0.48)
(0.5 0.0875 0.48)
(0.6 0.0875 0.48)
(0.7 0.0875 0.48)
(0.8 0.0875 0.48)
(0.9 0.0875 0.48)
(1 0.0875 0.48)
(1.1 0.0875 0.48)
(1.2 0.0875 0.48)
(1.3 0.0875 0.48)
(1.4 0.0875 0.48)
(1.5 0.0875 0.48)
(1.6 0.0875 0.48)
(1.7 0.0875 0.48)
(1.8 0.0875 0.48)
(1.9 0.0875 0.48)
(2 0.0875 0.48)
(0 0.1 0.48)
(0.1 0.1 0.48)
(0.2 0.1 0.48)
(0.3 0.1 0.48)
(0.4 0.1 0.48)
(0.5 0.1 0.48)
(0.6 0.1 0.48)
(0.7 0.1 0.48)
(0.8 0.1 0.48)
(0.9 0.1 0.48)
(1 0.1 0.48)
(1.1 0.1 0.48)
(1.2 0.1 0.48)
(1.3 0.1 0.48)
(1.4 0.1 0.48)
(1.5 0.1 0.48)
(1.6 0.1 0.48)
(1.7 0.1 0.48)
(1.8 0.1 0.48)
(1.9 0.1 0.48)
(2 0.1 0.48)
(0 0 0.54)
(0.1 0 0.54)
(0.2 0 0.54)
(0.3 0 0.54)
(0.4 0 0.54)
(0.5 0 0.54)
(0.6 0 0.54)
(0.7 0 0.54)
(0.8 0 0.54)
(0.9 0 0.54)
(1 0 0.54)
(1.1 0 0.54)
(1.2 0 0.54)
(1.3 0 0.54)
(1.4 0 0.54)
(1.5 0 0.54)
(1.6 0 0.54)
(1.7 0 0.54)
(1.8 0 0.54)
(1.9 0 0.54)
(2 0 0.54)
(0 0.0125 0.54)
(0.1 0.0125 0.54)
(0.2 0.0125 0.54)
(0.3 0.0125 0.54)
(0.4 0.0125 0.54)
(0.5 0.0125 0.54)
(0.6 0.0125 0.54)
(0.7 0.0125 0.54)
(0.8 0.0125 0.54)
(0.9 0.0125 0.54)
(1 0.0125 0.54)
(1.1 0.0125 0.54)
(1.2 0.0125 0.54)
(1.3 0.0125 0.54)
(1.4 0.0125 0.54)
(1.5 0.0125 0.54)
(1.6 0.0125 0.54)
(1.7 0.0125 0.54)
(1.8 0.0125 0.54)
(1.9 0.0125 0.54)
(2 0.0125 0.54)
(0 0.025 0.54)
(0.1 0.025 0.54)
(0.2 0.025 0.54)
(0.3 0.025 0.54)
(0.4 0.025 0.54)
(0.5 0.025 0.54)
(0.6 0.025 0.54)
(0.7 0.025 0.54)
(0.8 0.025 0.54)
(0.9 0.025 0.54)
(1 0.025 0.54)
(1.1 0.025 0.54)
(1.2 0.025 0.54)
(1.3 0.025 0.54)
(1.4 0.025 0.54)
(1.5 0.025 0.54)
(1.6 0.025 0.54)
(1.7 0.025 0.54)
(1.8 0.025 0.54)
(1.9 0.025 0.54)
(2 0.025 0.54)
(0 0.0375 0.54)
(0.1 0.0375 0.54)
(0.2 0.0375 0.54)
(0.3 0.0375 0.54)
(0.4 0.0375 0.54)
(0.5 0.0375 0.54)
(0.6 0.0375 0.54)
(0.7 0.0375 0.54)
(0.8 0.0375 0.54)
(0.9 0.0375 0.54)
(1 0.0375 0.54)
(1.1 0.0375 0.54)
(1.2 0.0375 0.54)
(1.3 0.0375 0.54)
(1.4 0.0375 0.54)
(1.5 0.0375 0.54)
(1.6 0.0375 0.54)
(1.7 0.0375 0.54)
(1.8 0.0375 0.54)
(1.9 0.0375 0.54)
(2 0.0375 0.54)
(0 0.05 0.54)
(0.1 0.05 0.54)
(0.2 0.05 0.54)
(0.3 0.05 0.54)
(0.4 0.05 0.54)
(0.5 0.05 0.54)
(0.6 0.05 0.54)
(0.7 0.05 0.54)
(0.8 0.05 0.54)
(0.9 0.05 0.54)
(1 0.05 0.54)
(1.1 0.05 0.54)
(1.2 0.05 0.54)
(1.3 0.05 0.54)
(1.4 0.05 0.54)
(1.5 0.05 0.54)
(1.6 0.05 0.54)
(1.7 0.05 0.54)
(1.8 0.05 0.54)
(1.9 0.05 0.54)
(2 0.05 0.54)
(0 0.0625 0.54)
(0.1 0.0625 0.54)
(0.2 0.0625 0.54)
(0.3 0.0625 0.54)
(0.4 0.0625 0.54)
(0.5 0.0625 0.54)
(0.6 0.0625 0.54)
(0.7 0.0625 0.54)
(0.8 0.0625 0.54)
(0.9 0.0625 0.54)
(1 0.0625 0.54)
(1.1 0.0625 0.54)
(1.2 0.0625 0.54)
(1.3 0.0625 0.54)
(1.4 0.0625 0.54)
(1.5 0.0625 0.54)
(1.6 0.0625 0.54)
(1.7 0.0625 0.54)
(1.8 0.0625 0.54)
(1.9 0.0625 0.54)
(2 0.0625 0.54)
(0 0.075 0.54)
(0.1 0.075 0.54)
(0.2 0.075 0.54)
(0.3 0.075 0.54)
(0.4 0.075 0.54)
(0.5 0.075 0.54)
(0.6 0.075 0.54)
(0.7 0.075 0.54)
(0.8 0.075 0.54)
(0.9 0.075 0.54)
(1 0.075 0.54)
(1.1 0.075 0.54)
(1.2 0.075 0.54)
(1.3 0.075 0.54)
(1.4 0.075 0.54)
(1.5 0.075 0.54)
(1.6 0.075 0.54)
(1.7 0.075 0.54)
(1.8 0.075 0.54)
(1.9 0.075 0.54)
(2 0.075 0.54)
(0 0.0875 0.54)
(0.1 0.0875 0.54)
(0.2 0.0875 0.54)
(0.3 0.0875 0.54)
(0.4 0.0875 0.54)
(0.5 0.0875 0.54)
(0.6 0.0875 0.54)
(0.7 0.0875 0.54)
(0.8 0.0875 0.54)
(0.9 0.0875 0.54)
(1 0.0875 0.54)
(1.1 0.0875 0.54)
(1.2 0.0875 0.54)
(1.3 0.0875 0.54)
(1.4 0.0875 0.54)
(1.5 0.0875 0.54)
(1.6 0.0875 0.54)
(1.7 0.0875 0.54)
(1.8 0.0875 0.54)
(1.9 0.0875 0.54)
(2 0.0875 0.54)
(0 0.1 0.54)
(0.1 0.1 0.54)
(0.2 0.1 0.54)
(0.3 0.1 0.54)
(0.4 0.1 0.54)
(0.5 0.1 0.54)
(0.6 0.1 0.54)
(0.7 0.1 0.54)
(0.8 0.1 0.54)
(0.9 0.1 0.54)
(1 0.1 0.54)
(1.1 0.1 0.54)
(1.2 0.1 0.54)
(1.3 0.1 0.54)
(1.4 0.1 0.54)
(1.5 0.1 0.54)
(1.6 0.1 0.54)
(1.7 0.1 0.54)
(1.8 0.1 0.54)
(1.9 0.1 0.54)
(2 0.1 0.54)
(0 0 0.6)
(0.1 0 0.6)
(0.2 0 0.6)
(0.3 0 0.6)
(0.4 0 0.6)
(0.5 0 0.6)
(0.6 0 0.6)
(0.7 0 0.6)
(0.8 0 0.6)
(0.9 0 0.6)
(1 0 0.6)
(1.1 0 0.6)
(1.2 0 0.6)
(1.3 0 0.6)
(1.4 0 0.6)
(1.5 0 0.6)
(1.6 0 0.6)
(1.7 0 0.6)
(1.8 0 0.6)
(1.9 0 0.6)
(2 0 0.6)
(0 0.0125 0.6)
(0.1 0.0125 0.6)
(0.2 0.0125 0.6)
(0.3 0.0125 0.6)
(0.4 0.0125 0.6)
(0.5 0.0125 0.6)
(0.6 0.0125 0.6)
(0.7 0.0125 0.6)
(0.8 0.0125 0.6)
(0.9 0.0125 0.6)
(1 0.0125 0.6)
(1.1 0.0125 0.6)
(1.2 0.0125 0.6)
(1.3 0.0125 0.6)
(1.4 0.0125 0.6)
(1.5 0.0125 0.6)
(1.6 0.0125 0.6)
(1.7 0.0125 0.6)
(1.8 0.0125 0.6)
(1.9 0.0125 0.6)
(2 0.0125 0.6)
(0 0.025 0.6)
(0.1 0.025 0.6)
(0.2 0.025 0.6)
(0.3 0.025 0.6)
(0.4 0.025 0.6)
(0.5 0.025 0.6)
(0.6 0.025 0.6)
(0.7 0.025 0.6)
(0.8 0.025 0.6)
(0.9 0.025 0.6)
(1 0.025 0.6)
(1.1 0.025 0.6)
(1.2 0.025 0.6)
(1.3 0.025 0.6)
(1.4 0.025 0.6)
(1.5 0.025 0.6)
(1.6 0.025 0.6)
(1.7 0.025 0.6)
(1.8 0.025 0.6)
(1.9 0.025 0.6)
(2 0.025 0.6)
(0 0.0375 0.6)
(0.1 0.0375 0.6)
(0.2 0.0375 0.6)
(0.3 0.0375 0.6)
(0.4 0.0375 0.6)
(0.5 0.0375 0.6)
(0.6 0.0375 0.6)
(0.7 0.0375 0.6)
(0.8 0.0375 0.6)
(0.9 0.0375 0.6)
(1 0.0375 0.6)
(1.1 0.0375 0.6)
(1.2 0.0375 0.6)
(1.3 0.0375 0.6)
(1.4 0.0375 0.6)
(1.5 0.0375 0.6)
(1.6 0.0375 0.6)
(1.7 0.0375 0.6)
(1.8 0.0375 0.6)
(1.9 0.0375 0.6)
(2 0.0375 0.6)
(0 0.05 0.6)
(0.1 0.05 0.6)
(0.2 0.05 0.6)
(0.3 0.05 0.6)
(0.4 0.05 0.6)
(0.5 0.05 0.6)
(0.6 0.05 0.6)
(0.7 0.05 0.6)
(0.8 0.05 0.6)
(0.9 0.05 0.6)
(1 0.05 0.6)
(1.1 0.05 0.6)
(1.2 0.05 0.6)
(1.3 0.05 0.6)
(1.4 0.05 0.6)
(1.5 0.05 0.6)
(1.6 0.05 0.6)
(1.7 0.05 0.6)
(1.8 0.05 0.6)
(1.9 0.05 0.6)
(2 0.05 0.6)
(0 0.0625 0.6)
(0.1 0.0625 0.6)
(0.2 0.0625 0.6)
(0.3 0.0625 0.6)
(0.4 0.0625 0.6)
(0.5 0.0625 0.6)
(0.6 0.0625 0.6)
(0.7 0.0625 0.6)
(0.8 0.0625 0.6)
(0.9 0.0625 0.6)
(1 0.0625 0.6)
(1.1 0.0625 0.6)
(1.2 0.0625 0.6)
(1.3 0.0625 0.6)
(1.4 0.0625 0.6)
(1.5 0.0625 0.6)
(1.6 0.0625 0.6)
(1.7 0.0625 0.6)
(1.8 0.0625 0.6)
(1.9 0.0625 0.6)
(2 0.0625 0.6)
(0 0.075 0.6)
(0.1 0.075 0.6)
(0.2 0.075 0.6)
(0.3 0.075 0.6)
(0.4 0.075 0.6)
(0.5 0.075 0.6)
(0.6 0.075 0.6)
(0.7 0.075 0.6)
(0.8 0.075 0.6)
(0.9 0.075 0.6)
(1 0.075 0.6)
(1.1 0.075 0.6)
(1.2 0.075 0.6)
(1.3 0.075 0.6)
(1.4 0.075 0.6)
(1.5 0.075 0.6)
(1.6 0.075 0.6)
(1.7 0.075 0.6)
(1.8 0.075 0.6)
(1.9 0.075 0.6)
(2 0.075 0.6)
(0 0.0875 0.6)
(0.1 0.0875 0.6)
(0.2 0.0875 0.6)
(0.3 0.0875 0.6)
(0.4 0.0875 0.6)
(0.5 0.0875 0.6)
(0.6 0.0875 0.6)
(0.7 0.0875 0.6)
(0.8 0.0875 0.6)
(0.9 0.0875 0.6)
(1 0.0875 0.6)
(1.1 0.0875 0.6)
(1.2 0.0875 0.6)
(1.3 0.0875 0.6)
(1.4 0.0875 0.6)
(1.5 0.0875 0.6)
(1.6 0.0875 0.6)
(1.7 0.0875 0.6)
(1.8 0.0875 0.6)
(1.9 0.0875 0.6)
(2 0.0875 0.6)
(0 0.1 0.6)
(0.1 0.1 0.6)
(0.2 0.1 0.6)
(0.3 0.1 0.6)
(0.4 0.1 0.6)
(0.5 0.1 0.6)
(0.6 0.1 0.6)
(0.7 0.1 0.6)
(0.8 0.1 0.6)
(0.9 0.1 0.6)
(1 0.1 0.6)
(1.1 0.1 0.6)
(1.2 0.1 0.6)
(1.3 0.1 0.6)
(1.4 0.1 0.6)
(1.5 0.1 0.6)
(1.6 0.1 0.6)
(1.7 0.1 0.6)
(1.8 0.1 0.6)
(1.9 0.1 0.6)
(2 0.1 0.6)
(0 0 0.66)
(0.1 0 0.66)
(0.2 0 0.66)
(0.3 0 0.66)
(0.4 0 0.66)
(0.5 0 0.66)
(0.6 0 0.66)
(0.7 0 0.66)
(0.8 0 0.66)
(0.9 0 0.66)
(1 0 0.66)
(1.1 0 0.66)
(1.2 0 0.66)
(1.3 0 0.66)
(1.4 0 0.66)
(1.5 0 0.66)
(1.6 0 0.66)
(1.7 0 0.66)
(1.8 0 0.66)
(1.9 0 0.66)
(2 0 0.66)
(0 0.0125 0.66)
(0.1 0.0125 0.66)
(0.2 0.0125 0.66)
(0.3 0.0125 0.66)
(0.4 0.0125 0.66)
(0.5 0.0125 0.66)
(0.6 0.0125 0.66)
(0.7 0.0125 0.66)
(0.8 0.0125 0.66)
(0.9 0.0125 0.66)
(1 0.0125 0.66)
(1.1 0.0125 0.66)
(1.2 0.0125 0.66)
(1.3 0.0125 0.66)
(1.4 0.0125 0.66)
(1.5 0.0125 0.66)
(1.6 0.0125 0.66)
(1.7 0.0125 0.66)
(1.8 0.0125 0.66)
(1.9 0.0125 0.66)
(2 0.0125 0.66)
(0 0.025 0.66)
(0.1 0.025 0.66)
(0.2 0.025 0.66)
(0.3 0.025 0.66)
(0.4 0.025 0.66)
(0.5 0.025 0.66)
(0.6 0.025 0.66)
(0.7 0.025 0.66)
(0.8 0.025 0.66)
(0.9 0.025 0.66)
(1 0.025 0.66)
(1.1 0.025 0.66)
(1.2 0.025 0.66)
(1.3 0.025 0.66)
(1.4 0.025 0.66)
(1.5 0.025 0.66)
(1.6 0.025 0.66)
(1.7 0.025 0.66)
(1.8 0.025 0.66)
(1.9 0.025 0.66)
(2 0.025 0.66)
(0 0.0375 0.66)
(0.1 0.0375 0.66)
(0.2 0.0375 0.66)
(0.3 0.0375 0.66)
(0.4 0.0375 0.66)
(0.5 0.0375 0.66)
(0.6 0.0375 0.66)
(0.7 0.0375 0.66)
(0.8 0.0375 0.66)
(0.9 0.0375 0.66)
(1 0.0375 0.66)
(1.1 0.0375 0.66)
(1.2 0.0375 0.66)
(1.3 0.0375 0.66)
(1.4 0.0375 0.66)
(1.5 0.0375 0.66)
(1.6 0.0375 0.66)
(1.7 0.0375 0.66)
(1.8 0.0375 0.66)
(1.9 0.0375 0.66)
(2 0.0375 0.66)
(0 0.05 0.66)
(0.1 0.05 0.66)
(0.2 0.05 0.66)
(0.3 0.05 0.66)
(0.4 0.05 0.66)
(0.5 0.05 0.66)
(0.6 0.05 0.66)
(0.7 0.05 0.66)
(0.8 0.05 0.66)
(0.9 0.05 0.66)
(1 0.05 0.66)
(1.1 0.05 0.66)
(1.2 0.05 0.66)
(1.3 0.05 0.66)
(1.4 0.05 0.66)
(1.5 0.05 0.66)
(1.6 0.05 0.66)
(1.7 0.05 0.66)
(1.8 0.05 0.66)
(1.9 0.05 0.66)
(2 0.05 0.66)
(0 0.0625 0.66)
(0.1 0.0625 0.66)
(0.2 0.0625 0.66)
(0.3 0.0625 0.66)
(0.4 0.0625 0.66)
(0.5 0.0625 0.66)
(0.6 0.0625 0.66)
(0.7 0.0625 0.66)
(0.8 0.0625 0.66)
(0.9 0.0625 0.66)
(1 0.0625 0.66)
(1.1 0.0625 0.66)
(1.2 0.0625 0.66)
(1.3 0.0625 0.66)
(1.4 0.0625 0.66)
(1.5 0.0625 0.66)
(1.6 0.0625 0.66)
(1.7 0.0625 0.66)
(1.8 0.0625 0.66)
(1.9 0.0625 0.66)
(2 0.0625 0.66)
(0 0.075 0.66)
(0.1 0.075 0.66)
(0.2 0.075 0.66)
(0.3 0.075 0.66)
(0.4 0.075 0.66)
(0.5 0.075 0.66)
(0.6 0.075 0.66)
(0.7 0.075 0.66)
(0.8 0.075 0.66)
(0.9 0.075 0.66)
(1 0.075 0.66)
(1.1 0.075 0.66)
(1.2 0.075 0.66)
(1.3 0.075 0.66)
(1.4 0.075 0.66)
(1.5 0.075 0.66)
(1.6 0.075 0.66)
(1.7 0.075 0.66)
(1.8 0.075 0.66)
(1.9 0.075 0.66)
(2 0.075 0.66)
(0 0.0875 0.66)
(0.1 0.0875 0.66)
(0.2 0.0875 0.66)
(0.3 0.0875 0.66)
(0.4 0.0875 0.66)
(0.5 0.0875 0.66)
(0.6 0.0875 0.66)
(0.7 0.0875 0.66)
(0.8 0.0875 0.66)
(0.9 0.0875 0.66)
(1 0.0875 0.66)
(1.1 0.0875 0.66)
(1.2 0.0875 0.66)
(1.3 0.0875 0.66)
(1.4 0.0875 0.66)
(1.5 0.0875 0.66)
(1.6 0.0875 0.66)
(1.7 0.0875 0.66)
(1.8 0.0875 0.66)
(1.9 0.0875 0.66)
(2 0.0875 0.66)
(0 0.1 0.66)
(0.1 0.1 0.66)
(0.2 0.1 0.66)
(0.3 0.1 0.66)
(0.4 0.1 0.66)
(0.5 0.1 0.66)
(0.6 0.1 0.66)
(0.7 0.1 0.66)
(0.8 0.1 0.66)
(0.9 0.1 0.66)
(1 0.1 0.66)
(1.1 0.1 0.66)
(1.2 0.1 0.66)
(1.3 0.1 0.66)
(1.4 0.1 0.66)
(1.5 0.1 0.66)
(1.6 0.1 0.66)
(1.7 0.1 0.66)
(1.8 0.1 0.66)
(1.9 0.1 0.66)
(2 0.1 0.66)
(0 0 0.72)
(0.1 0 0.72)
(0.2 0 0.72)
(0.3 0 0.72)
(0.4 0 0.72)
(0.5 0 0.72)
(0.6 0 0.72)
(0.7 0 0.72)
(0.8 0 0.72)
(0.9 0 0.72)
(1 0 0.72)
(1.1 0 0.72)
(1.2 0 0.72)
(1.3 0 0.72)
(1.4 0 0.72)
(1.5 0 0.72)
(1.6 0 0.72)
(1.7 0 0.72)
(1.8 0 0.72)
(1.9 0 0.72)
(2 0 0.72)
(0 0.0125 0.72)
(0.1 0.0125 0.72)
(0.2 0.0125 0.72)
(0.3 0.0125 0.72)
(0.4 0.0125 0.72)
(0.5 0.0125 0.72)
(0.6 0.0125 0.72)
(0.7 0.0125 0.72)
(0.8 0.0125 0.72)
(0.9 0.0125 0.72)
(1 0.0125 0.72)
(1.1 0.0125 0.72)
(1.2 0.0125 0.72)
(1.3 0.0125 0.72)
(1.4 0.0125 0.72)
(1.5 0.0125 0.72)
(1.6 0.0125 0.72)
(1.7 0.0125 0.72)
(1.8 0.0125 0.72)
(1.9 0.0125 0.72)
(2 0.0125 0.72)
(0 0.025 0.72)
(0.1 0.025 0.72)
(0.2 0.025 0.72)
(0.3 0.025 0.72)
(0.4 0.025 0.72)
(0.5 0.025 0.72)
(0.6 0.025 0.72)
(0.7 0.025 0.72)
(0.8 0.025 0.72)
(0.9 0.025 0.72)
(1 0.025 0.72)
(1.1 0.025 0.72)
(1.2 0.025 0.72)
(1.3 0.025 0.72)
(1.4 0.025 0.72)
(1.5 0.025 0.72)
(1.6 0.025 0.72)
(1.7 0.025 0.72)
(1.8 0.025 0.72)
(1.9 0.025 0.72)
(2 0.025 0.72)
(0 0.0375 0.72)
(0.1 0.0375 0.72)
(0.2 0.0375 0.72)
(0.3 0.0375 0.72)
(0.4 0.0375 0.72)
(0.5 0.0375 0.72)
(0.6 0.0375 0.72)
(0.7 0.0375 0.72)
(0.8 0.0375 0.72)
(0.9 0.0375 0.72)
(1 0.0375 0.72)
(1.1 0.0375 0.72)
(1.2 0.0375 0.72)
(1.3 0.0375 0.72)
(1.4 0.0375 0.72)
(1.5 0.0375 0.72)
(1.6 0.0375 0.72)
(1.7 0.0375 0.72)
(1.8 0.0375 0.72)
(1.9 0.0375 0.72)
(2 0.0375 0.72)
(0 0.05 0.72)
(0.1 0.05 0.72)
(0.2 0.05 0.72)
(0.3 0.05 0.72)
(0.4 0.05 0.72)
(0.5 0.05 0.72)
(0.6 0.05 0.72)
(0.7 0.05 0.72)
(0.8 0.05 0.72)
(0.9 0.05 0.72)
(1 0.05 0.72)
(1.1 0.05 0.72)
(1.2 0.05 0.72)
(1.3 0.05 0.72)
(1.4 0.05 0.72)
(1.5 0.05 0.72)
(1.6 0.05 0.72)
(1.7 0.05 0.72)
(1.8 0.05 0.72)
(1.9 0.05 0.72)
(2 0.05 0.72)
(0 0.0625 0.72)
(0.1 0.0625 0.72)
(0.2 0.0625 0.72)
(0.3 0.0625 0.72)
(0.4 0.0625 0.72)
(0.5 0.0625 0.72)
(0.6 0.0625 0.72)
(0.7 0.0625 0.72)
(0.8 0.0625 0.72)
(0.9 0.0625 0.72)
(1 0.0625 0.72)
(1.1 0.0625 0.72)
(1.2 0.0625 0.72)
(1.3 0.0625 0.72)
(1.4 0.0625 0.72)
(1.5 0.0625 0.72)
(1.6 0.0625 0.72)
(1.7 0.0625 0.72)
(1.8 0.0625 0.72)
(1.9 0.0625 0.72)
(2 0.0625 0.72)
(0 0.075 0.72)
(0.1 0.075 0.72)
(0.2 0.075 0.72)
(0.3 0.075 0.72)
(0.4 0.075 0.72)
(0.5 0.075 0.72)
(0.6 0.075 0.72)
(0.7 0.075 0.72)
(0.8 0.075 0.72)
(0.9 0.075 0.72)
(1 0.075 0.72)
(1.1 0.075 0.72)
(1.2 0.075 0.72)
(1.3 0.075 0.72)
(1.4 0.075 0.72)
(1.5 0.075 0.72)
(1.6 0.075 0.72)
(1.7 0.075 0.72)
(1.8 0.075 0.72)
(1.9 0.075 0.72)
(2 0.075 0.72)
(0 0.0875 0.72)
(0.1 0.0875 0.72)
(0.2 0.0875 0.72)
(0.3 0.0875 0.72)
(0.4 0.0875 0.72)
(0.5 0.0875 0.72)
(0.6 0.0875 0.72)
(0.7 0.0875 0.72)
(0.8 0.0875 0.72)
(0.9 0.0875 0.72)
(1 0.0875 0.72)
(1.1 0.0875 0.72)
(1.2 0.0875 0.72)
(1.3 0.0875 0.72)
(1.4 0.0875 0.72)
(1.5 0.0875 0.72)
(1.6 0.0875 0.72)
(1.7 0.0875 0.72)
(1.8 0.0875 0.72)
(1.9 0.0875 0.72)
(2 0.0875 0.72)
(0 0.1 0.72)
(0.1 0.1 0.72)
(0.2 0.1 0.72)
(0.3 0.1 0.72)
(0.4 0.1 0.72)
(0.5 0.1 0.72)
(0.6 0.1 0.72)
(0.7 0.1 0.72)
(0.8 0.1 0.72)
(0.9 0.1 0.72)
(1 0.1 0.72)
(1.1 0.1 0.72)
(1.2 0.1 0.72)
(1.3 0.1 0.72)
(1.4 0.1 0.72)
(1.5 0.1 0.72)
(1.6 0.1 0.72)
(1.7 0.1 0.72)
(1.8 0.1 0.72)
(1.9 0.1 0.72)
(2 0.1 0.72)
(0 0 0.78)
(0.1 0 0.78)
(0.2 0 0.78)
(0.3 0 0.78)
(0.4 0 0.78)
(0.5 0 0.78)
(0.6 0 0.78)
(0.7 0 0.78)
(0.8 0 0.78)
(0.9 0 0.78)
(1 0 0.78)
(1.1 0 0.78)
(1.2 0 0.78)
(1.3 0 0.78)
(1.4 0 0.78)
(1.5 0 0.78)
(1.6 0 0.78)
(1.7 0 0.78)
(1.8 0 0.78)
(1.9 0 0.78)
(2 0 0.78)
(0 0.0125 0.78)
(0.1 0.0125 0.78)
(0.2 0.0125 0.78)
(0.3 0.0125 0.78)
(0.4 0.0125 0.78)
(0.5 0.0125 0.78)
(0.6 0.0125 0.78)
(0.7 0.0125 0.78)
(0.8 0.0125 0.78)
(0.9 0.0125 0.78)
(1 0.0125 0.78)
(1.1 0.0125 0.78)
(1.2 0.0125 0.78)
(1.3 0.0125 0.78)
(1.4 0.0125 0.78)
(1.5 0.0125 0.78)
(1.6 0.0125 0.78)
(1.7 0.0125 0.78)
(1.8 0.0125 0.78)
(1.9 0.0125 0.78)
(2 0.0125 0.78)
(0 0.025 0.78)
(0.1 0.025 0.78)
(0.2 0.025 0.78)
(0.3 0.025 0.78)
(0.4 0.025 0.78)
(0.5 0.025 0.78)
(0.6 0.025 0.78)
(0.7 0.025 0.78)
(0.8 0.025 0.78)
(0.9 0.025 0.78)
(1 0.025 0.78)
(1.1 0.025 0.78)
(1.2 0.025 0.78)
(1.3 0.025 0.78)
(1.4 0.025 0.78)
(1.5 0.025 0.78)
(1.6 0.025 0.78)
(1.7 0.025 0.78)
(1.8 0.025 0.78)
(1.9 0.025 0.78)
(2 0.025 0.78)
(0 0.0375 0.78)
(0.1 0.0375 0.78)
(0.2 0.0375 0.78)
(0.3 0.0375 0.78)
(0.4 0.0375 0.78)
(0.5 0.0375 0.78)
(0.6 0.0375 0.78)
(0.7 0.0375 0.78)
(0.8 0.0375 0.78)
(0.9 0.0375 0.78)
(1 0.0375 0.78)
(1.1 0.0375 0.78)
(1.2 0.0375 0.78)
(1.3 0.0375 0.78)
(1.4 0.0375 0.78)
(1.5 0.0375 0.78)
(1.6 0.0375 0.78)
(1.7 0.0375 0.78)
(1.8 0.0375 0.78)
(1.9 0.0375 0.78)
(2 0.0375 0.78)
(0 0.05 0.78)
(0.1 0.05 0.78)
(0.2 0.05 0.78)
(0.3 0.05 0.78)
(0.4 0.05 0.78)
(0.5 0.05 0.78)
(0.6 0.05 0.78)
(0.7 0.05 0.78)
(0.8 0.05 0.78)
(0.9 0.05 0.78)
(1 0.05 0.78)
(1.1 0.05 0.78)
(1.2 0.05 0.78)
(1.3 0.05 0.78)
(1.4 0.05 0.78)
(1.5 0.05 0.78)
(1.6 0.05 0.78)
(1.7 0.05 0.78)
(1.8 0.05 0.78)
(1.9 0.05 0.78)
(2 0.05 0.78)
(0 0.0625 0.78)
(0.1 0.0625 0.78)
(0.2 0.0625 0.78)
(0.3 0.0625 0.78)
(0.4 0.0625 0.78)
(0.5 0.0625 0.78)
(0.6 0.0625 0.78)
(0.7 0.0625 0.78)
(0.8 0.0625 0.78)
(0.9 0.0625 0.78)
(1 0.0625 0.78)
(1.1 0.0625 0.78)
(1.2 0.0625 0.78)
(1.3 0.0625 0.78)
(1.4 0.0625 0.78)
(1.5 0.0625 0.78)
(1.6 0.0625 0.78)
(1.7 0.0625 0.78)
(1.8 0.0625 0.78)
(1.9 0.0625 0.78)
(2 0.0625 0.78)
(0 0.075 0.78)
(0.1 0.075 0.78)
(0.2 0.075 0.78)
(0.3 0.075 0.78)
(0.4 0.075 0.78)
(0.5 0.075 0.78)
(0.6 0.075 0.78)
(0.7 0.075 0.78)
(0.8 0.075 0.78)
(0.9 0.075 0.78)
(1 0.075 0.78)
(1.1 0.075 0.78)
(1.2 0.075 0.78)
(1.3 0.075 0.78)
(1.4 0.075 0.78)
(1.5 0.075 0.78)
(1.6 0.075 0.78)
(1.7 0.075 0.78)
(1.8 0.075 0.78)
(1.9 0.075 0.78)
(2 0.075 0.78)
(0 0.0875 0.78)
(0.1 0.0875 0.78)
(0.2 0.0875 0.78)
(0.3 0.0875 0.78)
(0.4 0.0875 0.78)
(0.5 0.0875 0.78)
(0.6 0.0875 0.78)
(0.7 0.0875 0.78)
(0.8 0.0875 0.78)
(0.9 0.0875 0.78)
(1 0.0875 0.78)
(1.1 0.0875 0.78)
(1.2 0.0875 0.78)
(1.3 0.0875 0.78)
(1.4 0.0875 0.78)
(1.5 0.0875 0.78)
(1.6 0.0875 0.78)
(1.7 0.0875 0.78)
(1.8 0.0875 0.78)
(1.9 0.0875 0.78)
(2 0.0875 0.78)
(0 0.1 0.78)
(0.1 0.1 0.78)
(0.2 0.1 0.78)
(0.3 0.1 0.78)
(0.4 0.1 0.78)
(0.5 0.1 0.78)
(0.6 0.1 0.78)
(0.7 0.1 0.78)
(0.8 0.1 0.78)
(0.9 0.1 0.78)
(1 0.1 0.78)
(1.1 0.1 0.78)
(1.2 0.1 0.78)
(1.3 0.1 0.78)
(1.4 0.1 0.78)
(1.5 0.1 0.78)
(1.6 0.1 0.78)
(1.7 0.1 0.78)
(1.8 0.1 0.78)
(1.9 0.1 0.78)
(2 0.1 0.78)
(0 0 0.84)
(0.1 0 0.84)
(0.2 0 0.84)
(0.3 0 0.84)
(0.4 0 0.84)
(0.5 0 0.84)
(0.6 0 0.84)
(0.7 0 0.84)
(0.8 0 0.84)
(0.9 0 0.84)
(1 0 0.84)
(1.1 0 0.84)
(1.2 0 0.84)
(1.3 0 0.84)
(1.4 0 0.84)
(1.5 0 0.84)
(1.6 0 0.84)
(1.7 0 0.84)
(1.8 0 0.84)
(1.9 0 0.84)
(2 0 0.84)
(0 0.0125 0.84)
(0.1 0.0125 0.84)
(0.2 0.0125 0.84)
(0.3 0.0125 0.84)
(0.4 0.0125 0.84)
(0.5 0.0125 0.84)
(0.6 0.0125 0.84)
(0.7 0.0125 0.84)
(0.8 0.0125 0.84)
(0.9 0.0125 0.84)
(1 0.0125 0.84)
(1.1 0.0125 0.84)
(1.2 0.0125 0.84)
(1.3 0.0125 0.84)
(1.4 0.0125 0.84)
(1.5 0.0125 0.84)
(1.6 0.0125 0.84)
(1.7 0.0125 0.84)
(1.8 0.0125 0.84)
(1.9 0.0125 0.84)
(2 0.0125 0.84)
(0 0.025 0.84)
(0.1 0.025 0.84)
(0.2 0.025 0.84)
(0.3 0.025 0.84)
(0.4 0.025 0.84)
(0.5 0.025 0.84)
(0.6 0.025 0.84)
(0.7 0.025 0.84)
(0.8 0.025 0.84)
(0.9 0.025 0.84)
(1 0.025 0.84)
(1.1 0.025 0.84)
(1.2 0.025 0.84)
(1.3 0.025 0.84)
(1.4 0.025 0.84)
(1.5 0.025 0.84)
(1.6 0.025 0.84)
(1.7 0.025 0.84)
(1.8 0.025 0.84)
(1.9 0.025 0.84)
(2 0.025 0.84)
(0 0.0375 0.84)
(0.1 0.0375 0.84)
(0.2 0.0375 0.84)
(0.3 0.0375 0.84)
(0.4 0.0375 0.84)
(0.5 0.0375 0.84)
(0.6 0.0375 0.84)
(0.7 0.0375 0.84)
(0.8 0.0375 0.84)
(0.9 0.0375 0.84)
(1 0.0375 0.84)
(1.1 0.0375 0.84)
(1.2 0.0375 0.84)
(1.3 0.0375 0.84)
(1.4 0.0375 0.84)
(1.5 0.0375 0.84)
(1.6 0.0375 0.84)
(1.7 0.0375 0.84)
(1.8 0.0375 0.84)
(1.9 0.0375 0.84)
(2 0.0375 0.84)
(0 0.05 0.84)
(0.1 0.05 0.84)
(0.2 0.05 0.84)
(0.3 0.05 0.84)
(0.4 0.05 0.84)
(0.5 0.05 0.84)
(0.6 0.05 0.84)
(0.7 0.05 0.84)
(0.8 0.05 0.84)
(0.9 0.05 0.84)
(1 0.05 0.84)
(1.1 0.05 0.84)
(1.2 0.05 0.84)
(1.3 0.05 0.84)
(1.4 0.05 0.84)
(1.5 0.05 0.84)
(1.6 0.05 0.84)
(1.7 0.05 0.84)
(1.8 0.05 0.84)
(1.9 0.05 0.84)
(2 0.05 0.84)
(0 0.0625 0.84)
(0.1 0.0625 0.84)
(0.2 0.0625 0.84)
(0.3 0.0625 0.84)
(0.4 0.0625 0.84)
(0.5 0.0625 0.84)
(0.6 0.0625 0.84)
(0.7 0.0625 0.84)
(0.8 0.0625 0.84)
(0.9 0.0625 0.84)
(1 0.0625 0.84)
(1.1 0.0625 0.84)
(1.2 0.0625 0.84)
(1.3 0.0625 0.84)
(1.4 0.0625 0.84)
(1.5 0.0625 0.84)
(1.6 0.0625 0.84)
(1.7 0.0625 0.84)
(1.8 0.0625 0.84)
(1.9 0.0625 0.84)
(2 0.0625 0.84)
(0 0.075 0.84)
(0.1 0.075 0.84)
(0.2 0.075 0.84)
(0.3 0.075 0.84)
(0.4 0.075 0.84)
(0.5 0.075 0.84)
(0.6 0.075 0.84)
(0.7 0.075 0.84)
(0.8 0.075 0.84)
(0.9 0.075 0.84)
(1 0.075 0.84)
(1.1 0.075 0.84)
(1.2 0.075 0.84)
(1.3 0.075 0.84)
(1.4 0.075 0.84)
(1.5 0.075 0.84)
(1.6 0.075 0.84)
(1.7 0.075 0.84)
(1.8 0.075 0.84)
(1.9 0.075 0.84)
(2 0.075 0.84)
(0 0.0875 0.84)
(0.1 0.0875 0.84)
(0.2 0.0875 0.84)
(0.3 0.0875 0.84)
(0.4 0.0875 0.84)
(0.5 0.0875 0.84)
(0.6 0.0875 0.84)
(0.7 0.0875 0.84)
(0.8 0.0875 0.84)
(0.9 0.0875 0.84)
(1 0.0875 0.84)
(1.1 0.0875 0.84)
(1.2 0.0875 0.84)
(1.3 0.0875 0.84)
(1.4 0.0875 0.84)
(1.5 0.0875 0.84)
(1.6 0.0875 0.84)
(1.7 0.0875 0.84)
(1.8 0.0875 0.84)
(1.9 0.0875 0.84)
(2 0.0875 0.84)
(0 0.1 0.84)
(0.1 0.1 0.84)
(0.2 0.1 0.84)
(0.3 0.1 0.84)
(0.4 0.1 0.84)
(0.5 0.1 0.84)
(0.6 0.1 0.84)
(0.7 0.1 0.84)
(0.8 0.1 0.84)
(0.9 0.1 0.84)
(1 0.1 0.84)
(1.1 0.1 0.84)
(1.2 0.1 0.84)
(1.3 0.1 0.84)
(1.4 0.1 0.84)
(1.5 0.1 0.84)
(1.6 0.1 0.84)
(1.7 0.1 0.84)
(1.8 0.1 0.84)
(1.9 0.1 0.84)
(2 0.1 0.84)
(0 0 0.9)
(0.1 0 0.9)
(0.2 0 0.9)
(0.3 0 0.9)
(0.4 0 0.9)
(0.5 0 0.9)
(0.6 0 0.9)
(0.7 0 0.9)
(0.8 0 0.9)
(0.9 0 0.9)
(1 0 0.9)
(1.1 0 0.9)
(1.2 0 0.9)
(1.3 0 0.9)
(1.4 0 0.9)
(1.5 0 0.9)
(1.6 0 0.9)
(1.7 0 0.9)
(1.8 0 0.9)
(1.9 0 0.9)
(2 0 0.9)
(0 0.0125 0.9)
(0.1 0.0125 0.9)
(0.2 0.0125 0.9)
(0.3 0.0125 0.9)
(0.4 0.0125 0.9)
(0.5 0.0125 0.9)
(0.6 0.0125 0.9)
(0.7 0.0125 0.9)
(0.8 0.0125 0.9)
(0.9 0.0125 0.9)
(1 0.0125 0.9)
(1.1 0.0125 0.9)
(1.2 0.0125 0.9)
(1.3 0.0125 0.9)
(1.4 0.0125 0.9)
(1.5 0.0125 0.9)
(1.6 0.0125 0.9)
(1.7 0.0125 0.9)
(1.8 0.0125 0.9)
(1.9 0.0125 0.9)
(2 0.0125 0.9)
(0 0.025 0.9)
(0.1 0.025 0.9)
(0.2 0.025 0.9)
(0.3 0.025 0.9)
(0.4 0.025 0.9)
(0.5 0.025 0.9)
(0.6 0.025 0.9)
(0.7 0.025 0.9)
(0.8 0.025 0.9)
(0.9 0.025 0.9)
(1 0.025 0.9)
(1.1 0.025 0.9)
(1.2 0.025 0.9)
(1.3 0.025 0.9)
(1.4 0.025 0.9)
(1.5 0.025 0.9)
(1.6 0.025 0.9)
(1.7 0.025 0.9)
(1.8 0.025 0.9)
(1.9 0.025 0.9)
(2 0.025 0.9)
(0 0.0375 0.9)
(0.1 0.0375 0.9)
(0.2 0.0375 0.9)
(0.3 0.0375 0.9)
(0.4 0.0375 0.9)
(0.5 0.0375 0.9)
(0.6 0.0375 0.9)
(0.7 0.0375 0.9)
(0.8 0.0375 0.9)
(0.9 0.0375 0.9)
(1 0.0375 0.9)
(1.1 0.0375 0.9)
(1.2 0.0375 0.9)
(1.3 0.0375 0.9)
(1.4 0.0375 0.9)
(1.5 0.0375 0.9)
(1.6 0.0375 0.9)
(1.7 0.0375 0.9)
(1.8 0.0375 0.9)
(1.9 0.0375 0.9)
(2 0.0375 0.9)
(0 0.05 0.9)
(0.1 0.05 0.9)
(0.2 0.05 0.9)
(0.3 0.05 0.9)
(0.4 0.05 0.9)
(0.5 0.05 0.9)
(0.6 0.05 0.9)
(0.7 0.05 0.9)
(0.8 0.05 0.9)
(0.9 0.05 0.9)
(1 0.05 0.9)
(1.1 0.05 0.9)
(1.2 0.05 0.9)
(1.3 0.05 0.9)
(1.4 0.05 0.9)
(1.5 0.05 0.9)
(1.6 0.05 0.9)
(1.7 0.05 0.9)
(1.8 0.05 0.9)
(1.9 0.05 0.9)
(2 0.05 0.9)
(0 0.0625 0.9)
(0.1 0.0625 0.9)
(0.2 0.0625 0.9)
(0.3 0.0625 0.9)
(0.4 0.0625 0.9)
(0.5 0.0625 0.9)
(0.6 0.0625 0.9)
(0.7 0.0625 0.9)
(0.8 0.0625 0.9)
(0.9 0.0625 0.9)
(1 0.0625 0.9)
(1.1 0.0625 0.9)
(1.2 0.0625 0.9)
(1.3 0.0625 0.9)
(1.4 0.0625 0.9)
(1.5 0.0625 0.9)
(1.6 0.0625 0.9)
(1.7 0.0625 0.9)
(1.8 0.0625 0.9)
(1.9 0.0625 0.9)
(2 0.0625 0.9)
(0 0.075 0.9)
(0.1 0.075 0.9)
(0.2 0.075 0.9)
(0.3 0.075 0.9)
(0.4 0.075 0.9)
(0.5 0.075 0.9)
(0.6 0.075 0.9)
(0.7 0.075 0.9)
(0.8 0.075 0.9)
(0.9 0.075 0.9)
(1 0.075 0.9)
(1.1 0.075 0.9)
(1.2 0.075 0.9)
(1.3 0.075 0.9)
(1.4 0.075 0.9)
(1.5 0.075 0.9)
(1.6 0.075 0.9)
(1.7 0.075 0.9)
(1.8 0.075 0.9)
(1.9 0.075 0.9)
(2 0.075 0.9)
(0 0.0875 0.9)
(0.1 0.0875 0.9)
(0.2 0.0875 0.9)
(0.3 0.0875 0.9)
(0.4 0.0875 0.9)
(0.5 0.0875 0.9)
(0.6 0.0875 0.9)
(0.7 0.0875 0.9)
(0.8 0.0875 0.9)
(0.9 0.0875 0.9)
(1 0.0875 0.9)
(1.1 0.0875 0.9)
(1.2 0.0875 0.9)
(1.3 0.0875 0.9)
(1.4 0.0875 0.9)
(1.5 0.0875 0.9)
(1.6 0.0875 0.9)
(1.7 0.0875 0.9)
(1.8 0.0875 0.9)
(1.9 0.0875 0.9)
(2 0.0875 0.9)
(0 0.1 0.9)
(0.1 0.1 0.9)
(0.2 0.1 0.9)
(0.3 0.1 0.9)
(0.4 0.1 0.9)
(0.5 0.1 0.9)
(0.6 0.1 0.9)
(0.7 0.1 0.9)
(0.8 0.1 0.9)
(0.9 0.1 0.9)
(1 0.1 0.9)
(1.1 0.1 0.9)
(1.2 0.1 0.9)
(1.3 0.1 0.9)
(1.4 0.1 0.9)
(1.5 0.1 0.9)
(1.6 0.1 0.9)
(1.7 0.1 0.9)
(1.8 0.1 0.9)
(1.9 0.1 0.9)
(2 0.1 0.9)
(0 0 0.96)
(0.1 0 0.96)
(0.2 0 0.96)
(0.3 0 0.96)
(0.4 0 0.96)
(0.5 0 0.96)
(0.6 0 0.96)
(0.7 0 0.96)
(0.8 0 0.96)
(0.9 0 0.96)
(1 0 0.96)
(1.1 0 0.96)
(1.2 0 0.96)
(1.3 0 0.96)
(1.4 0 0.96)
(1.5 0 0.96)
(1.6 0 0.96)
(1.7 0 0.96)
(1.8 0 0.96)
(1.9 0 0.96)
(2 0 0.96)
(0 0.0125 0.96)
(0.1 0.0125 0.96)
(0.2 0.0125 0.96)
(0.3 0.0125 0.96)
(0.4 0.0125 0.96)
(0.5 0.0125 0.96)
(0.6 0.0125 0.96)
(0.7 0.0125 0.96)
(0.8 0.0125 0.96)
(0.9 0.0125 0.96)
(1 0.0125 0.96)
(1.1 0.0125 0.96)
(1.2 0.0125 0.96)
(1.3 0.0125 0.96)
(1.4 0.0125 0.96)
(1.5 0.0125 0.96)
(1.6 0.0125 0.96)
(1.7 0.0125 0.96)
(1.8 0.0125 0.96)
(1.9 0.0125 0.96)
(2 0.0125 0.96)
(0 0.025 0.96)
(0.1 0.025 0.96)
(0.2 0.025 0.96)
(0.3 0.025 0.96)
(0.4 0.025 0.96)
(0.5 0.025 0.96)
(0.6 0.025 0.96)
(0.7 0.025 0.96)
(0.8 0.025 0.96)
(0.9 0.025 0.96)
(1 0.025 0.96)
(1.1 0.025 0.96)
(1.2 0.025 0.96)
(1.3 0.025 0.96)
(1.4 0.025 0.96)
(1.5 0.025 0.96)
(1.6 0.025 0.96)
(1.7 0.025 0.96)
(1.8 0.025 0.96)
(1.9 0.025 0.96)
(2 0.025 0.96)
(0 0.0375 0.96)
(0.1 0.0375 0.96)
(0.2 0.0375 0.96)
(0.3 0.0375 0.96)
(0.4 0.0375 0.96)
(0.5 0.0375 0.96)
(0.6 0.0375 0.96)
(0.7 0.0375 0.96)
(0.8 0.0375 0.96)
(0.9 0.0375 0.96)
(1 0.0375 0.96)
(1.1 0.0375 0.96)
(1.2 0.0375 0.96)
(1.3 0.0375 0.96)
(1.4 0.0375 0.96)
(1.5 0.0375 0.96)
(1.6 0.0375 0.96)
(1.7 0.0375 0.96)
(1.8 0.0375 0.96)
(1.9 0.0375 0.96)
(2 0.0375 0.96)
(0 0.05 0.96)
(0.1 0.05 0.96)
(0.2 0.05 0.96)
(0.3 0.05 0.96)
(0.4 0.05 0.96)
(0.5 0.05 0.96)
(0.6 0.05 0.96)
(0.7 0.05 0.96)
(0.8 0.05 0.96)
(0.9 0.05 0.96)
(1 0.05 0.96)
(1.1 0.05 0.96)
(1.2 0.05 0.96)
(1.3 0.05 0.96)
(1.4 0.05 0.96)
(1.5 0.05 0.96)
(1.6 0.05 0.96)
(1.7 0.05 0.96)
(1.8 0.05 0.96)
(1.9 0.05 0.96)
(2 0.05 0.96)
(0 0.0625 0.96)
(0.1 0.0625 0.96)
(0.2 0.0625 0.96)
(0.3 0.0625 0.96)
(0.4 0.0625 0.96)
(0.5 0.0625 0.96)
(0.6 0.0625 0.96)
(0.7 0.0625 0.96)
(0.8 0.0625 0.96)
(0.9 0.0625 0.96)
(1 0.0625 0.96)
(1.1 0.0625 0.96)
(1.2 0.0625 0.96)
(1.3 0.0625 0.96)
(1.4 0.0625 0.96)
(1.5 0.0625 0.96)
(1.6 0.0625 0.96)
(1.7 0.0625 0.96)
(1.8 0.0625 0.96)
(1.9 0.0625 0.96)
(2 0.0625 0.96)
(0 0.075 0.96)
(0.1 0.075 0.96)
(0.2 0.075 0.96)
(0.3 0.075 0.96)
(0.4 0.075 0.96)
(0.5 0.075 0.96)
(0.6 0.075 0.96)
(0.7 0.075 0.96)
(0.8 0.075 0.96)
(0.9 0.075 0.96)
(1 0.075 0.96)
(1.1 0.075 0.96)
(1.2 0.075 0.96)
(1.3 0.075 0.96)
(1.4 0.075 0.96)
(1.5 0.075 0.96)
(1.6 0.075 0.96)
(1.7 0.075 0.96)
(1.8 0.075 0.96)
(1.9 0.075 0.96)
(2 0.075 0.96)
(0 0.0875 0.96)
(0.1 0.0875 0.96)
(0.2 0.0875 0.96)
(0.3 0.0875 0.96)
(0.4 0.0875 0.96)
(0.5 0.0875 0.96)
(0.6 0.0875 0.96)
(0.7 0.0875 0.96)
(0.8 0.0875 0.96)
(0.9 0.0875 0.96)
(1 0.0875 0.96)
(1.1 0.0875 0.96)
(1.2 0.0875 0.96)
(1.3 0.0875 0.96)
(1.4 0.0875 0.96)
(1.5 0.0875 0.96)
(1.6 0.0875 0.96)
(1.7 0.0875 0.96)
(1.8 0.0875 0.96)
(1.9 0.0875 0.96)
(2 0.0875 0.96)
(0 0.1 0.96)
(0.1 0.1 0.96)
(0.2 0.1 0.96)
(0.3 0.1 0.96)
(0.4 0.1 0.96)
(0.5 0.1 0.96)
(0.6 0.1 0.96)
(0.7 0.1 0.96)
(0.8 0.1 0.96)
(0.9 0.1 0.96)
(1 0.1 0.96)
(1.1 0.1 0.96)
(1.2 0.1 0.96)
(1.3 0.1 0.96)
(1.4 0.1 0.96)
(1.5 0.1 0.96)
(1.6 0.1 0.96)
(1.7 0.1 0.96)
(1.8 0.1 0.96)
(1.9 0.1 0.96)
(2 0.1 0.96)
(0 0 1.02)
(0.1 0 1.02)
(0.2 0 1.02)
(0.3 0 1.02)
(0.4 0 1.02)
(0.5 0 1.02)
(0.6 0 1.02)
(0.7 0 1.02)
(0.8 0 1.02)
(0.9 0 1.02)
(1 0 1.02)
(1.1 0 1.02)
(1.2 0 1.02)
(1.3 0 1.02)
(1.4 0 1.02)
(1.5 0 1.02)
(1.6 0 1.02)
(1.7 0 1.02)
(1.8 0 1.02)
(1.9 0 1.02)
(2 0 1.02)
(0 0.0125 1.02)
(0.1 0.0125 1.02)
(0.2 0.0125 1.02)
(0.3 0.0125 1.02)
(0.4 0.0125 1.02)
(0.5 0.0125 1.02)
(0.6 0.0125 1.02)
(0.7 0.0125 1.02)
(0.8 0.0125 1.02)
(0.9 0.0125 1.02)
(1 0.0125 1.02)
(1.1 0.0125 1.02)
(1.2 0.0125 1.02)
(1.3 0.0125 1.02)
(1.4 0.0125 1.02)
(1.5 0.0125 1.02)
(1.6 0.0125 1.02)
(1.7 0.0125 1.02)
(1.8 0.0125 1.02)
(1.9 0.0125 1.02)
(2 0.0125 1.02)
(0 0.025 1.02)
(0.1 0.025 1.02)
(0.2 0.025 1.02)
(0.3 0.025 1.02)
(0.4 0.025 1.02)
(0.5 0.025 1.02)
(0.6 0.025 1.02)
(0.7 0.025 1.02)
(0.8 0.025 1.02)
(0.9 0.025 1.02)
(1 0.025 1.02)
(1.1 0.025 1.02)
(1.2 0.025 1.02)
(1.3 0.025 1.02)
(1.4 0.025 1.02)
(1.5 0.025 1.02)
(1.6 0.025 1.02)
(1.7 0.025 1.02)
(1.8 0.025 1.02)
(1.9 0.025 1.02)
(2 0.025 1.02)
(0 0.0375 1.02)
(0.1 0.0375 1.02)
(0.2 0.0375 1.02)
(0.3 0.0375 1.02)
(0.4 0.0375 1.02)
(0.5 0.0375 1.02)
(0.6 0.0375 1.02)
(0.7 0.0375 1.02)
(0.8 0.0375 1.02)
(0.9 0.0375 1.02)
(1 0.0375 1.02)
(1.1 0.0375 1.02)
(1.2 0.0375 1.02)
(1.3 0.0375 1.02)
(1.4 0.0375 1.02)
(1.5 0.0375 1.02)
(1.6 0.0375 1.02)
(1.7 0.0375 1.02)
(1.8 0.0375 1.02)
(1.9 0.0375 1.02)
(2 0.0375 1.02)
(0 0.05 1.02)
(0.1 0.05 1.02)
(0.2 0.05 1.02)
(0.3 0.05 1.02)
(0.4 0.05 1.02)
(0.5 0.05 1.02)
(0.6 0.05 1.02)
(0.7 0.05 1.02)
(0.8 0.05 1.02)
(0.9 0.05 1.02)
(1 0.05 1.02)
(1.1 0.05 1.02)
(1.2 0.05 1.02)
(1.3 0.05 1.02)
(1.4 0.05 1.02)
(1.5 0.05 1.02)
(1.6 0.05 1.02)
(1.7 0.05 1.02)
(1.8 0.05 1.02)
(1.9 0.05 1.02)
(2 0.05 1.02)
(0 0.0625 1.02)
(0.1 0.0625 1.02)
(0.2 0.0625 1.02)
(0.3 0.0625 1.02)
(0.4 0.0625 1.02)
(0.5 0.0625 1.02)
(0.6 0.0625 1.02)
(0.7 0.0625 1.02)
(0.8 0.0625 1.02)
(0.9 0.0625 1.02)
(1 0.0625 1.02)
(1.1 0.0625 1.02)
(1.2 0.0625 1.02)
(1.3 0.0625 1.02)
(1.4 0.0625 1.02)
(1.5 0.0625 1.02)
(1.6 0.0625 1.02)
(1.7 0.0625 1.02)
(1.8 0.0625 1.02)
(1.9 0.0625 1.02)
(2 0.0625 1.02)
(0 0.075 1.02)
(0.1 0.075 1.02)
(0.2 0.075 1.02)
(0.3 0.075 1.02)
(0.4 0.075 1.02)
(0.5 0.075 1.02)
(0.6 0.075 1.02)
(0.7 0.075 1.02)
(0.8 0.075 1.02)
(0.9 0.075 1.02)
(1 0.075 1.02)
(1.1 0.075 1.02)
(1.2 0.075 1.02)
(1.3 0.075 1.02)
(1.4 0.075 1.02)
(1.5 0.075 1.02)
(1.6 0.075 1.02)
(1.7 0.075 1.02)
(1.8 0.075 1.02)
(1.9 0.075 1.02)
(2 0.075 1.02)
(0 0.0875 1.02)
(0.1 0.0875 1.02)
(0.2 0.0875 1.02)
(0.3 0.0875 1.02)
(0.4 0.0875 1.02)
(0.5 0.0875 1.02)
(0.6 0.0875 1.02)
(0.7 0.0875 1.02)
(0.8 0.0875 1.02)
(0.9 0.0875 1.02)
(1 0.0875 1.02)
(1.1 0.0875 1.02)
(1.2 0.0875 1.02)
(1.3 0.0875 1.02)
(1.4 0.0875 1.02)
(1.5 0.0875 1.02)
(1.6 0.0875 1.02)
(1.7 0.0875 1.02)
(1.8 0.0875 1.02)
(1.9 0.0875 1.02)
(2 0.0875 1.02)
(0 0.1 1.02)
(0.1 0.1 1.02)
(0.2 0.1 1.02)
(0.3 0.1 1.02)
(0.4 0.1 1.02)
(0.5 0.1 1.02)
(0.6 0.1 1.02)
(0.7 0.1 1.02)
(0.8 0.1 1.02)
(0.9 0.1 1.02)
(1 0.1 1.02)
(1.1 0.1 1.02)
(1.2 0.1 1.02)
(1.3 0.1 1.02)
(1.4 0.1 1.02)
(1.5 0.1 1.02)
(1.6 0.1 1.02)
(1.7 0.1 1.02)
(1.8 0.1 1.02)
(1.9 0.1 1.02)
(2 0.1 1.02)
(0 0 1.08)
(0.1 0 1.08)
(0.2 0 1.08)
(0.3 0 1.08)
(0.4 0 1.08)
(0.5 0 1.08)
(0.6 0 1.08)
(0.7 0 1.08)
(0.8 0 1.08)
(0.9 0 1.08)
(1 0 1.08)
(1.1 0 1.08)
(1.2 0 1.08)
(1.3 0 1.08)
(1.4 0 1.08)
(1.5 0 1.08)
(1.6 0 1.08)
(1.7 0 1.08)
(1.8 0 1.08)
(1.9 0 1.08)
(2 0 1.08)
(0 0.0125 1.08)
(0.1 0.0125 1.08)
(0.2 0.0125 1.08)
(0.3 0.0125 1.08)
(0.4 0.0125 1.08)
(0.5 0.0125 1.08)
(0.6 0.0125 1.08)
(0.7 0.0125 1.08)
(0.8 0.0125 1.08)
(0.9 0.0125 1.08)
(1 0.0125 1.08)
(1.1 0.0125 1.08)
(1.2 0.0125 1.08)
(1.3 0.0125 1.08)
(1.4 0.0125 1.08)
(1.5 0.0125 1.08)
(1.6 0.0125 1.08)
(1.7 0.0125 1.08)
(1.8 0.0125 1.08)
(1.9 0.0125 1.08)
(2 0.0125 1.08)
(0 0.025 1.08)
(0.1 0.025 1.08)
(0.2 0.025 1.08)
(0.3 0.025 1.08)
(0.4 0.025 1.08)
(0.5 0.025 1.08)
(0.6 0.025 1.08)
(0.7 0.025 1.08)
(0.8 0.025 1.08)
(0.9 0.025 1.08)
(1 0.025 1.08)
(1.1 0.025 1.08)
(1.2 0.025 1.08)
(1.3 0.025 1.08)
(1.4 0.025 1.08)
(1.5 0.025 1.08)
(1.6 0.025 1.08)
(1.7 0.025 1.08)
(1.8 0.025 1.08)
(1.9 0.025 1.08)
(2 0.025 1.08)
(0 0.0375 1.08)
(0.1 0.0375 1.08)
(0.2 0.0375 1.08)
(0.3 0.0375 1.08)
(0.4 0.0375 1.08)
(0.5 0.0375 1.08)
(0.6 0.0375 1.08)
(0.7 0.0375 1.08)
(0.8 0.0375 1.08)
(0.9 0.0375 1.08)
(1 0.0375 1.08)
(1.1 0.0375 1.08)
(1.2 0.0375 1.08)
(1.3 0.0375 1.08)
(1.4 0.0375 1.08)
(1.5 0.0375 1.08)
(1.6 0.0375 1.08)
(1.7 0.0375 1.08)
(1.8 0.0375 1.08)
(1.9 0.0375 1.08)
(2 0.0375 1.08)
(0 0.05 1.08)
(0.1 0.05 1.08)
(0.2 0.05 1.08)
(0.3 0.05 1.08)
(0.4 0.05 1.08)
(0.5 0.05 1.08)
(0.6 0.05 1.08)
(0.7 0.05 1.08)
(0.8 0.05 1.08)
(0.9 0.05 1.08)
(1 0.05 1.08)
(1.1 0.05 1.08)
(1.2 0.05 1.08)
(1.3 0.05 1.08)
(1.4 0.05 1.08)
(1.5 0.05 1.08)
(1.6 0.05 1.08)
(1.7 0.05 1.08)
(1.8 0.05 1.08)
(1.9 0.05 1.08)
(2 0.05 1.08)
(0 0.0625 1.08)
(0.1 0.0625 1.08)
(0.2 0.0625 1.08)
(0.3 0.0625 1.08)
(0.4 0.0625 1.08)
(0.5 0.0625 1.08)
(0.6 0.0625 1.08)
(0.7 0.0625 1.08)
(0.8 0.0625 1.08)
(0.9 0.0625 1.08)
(1 0.0625 1.08)
(1.1 0.0625 1.08)
(1.2 0.0625 1.08)
(1.3 0.0625 1.08)
(1.4 0.0625 1.08)
(1.5 0.0625 1.08)
(1.6 0.0625 1.08)
(1.7 0.0625 1.08)
(1.8 0.0625 1.08)
(1.9 0.0625 1.08)
(2 0.0625 1.08)
(0 0.075 1.08)
(0.1 0.075 1.08)
(0.2 0.075 1.08)
(0.3 0.075 1.08)
(0.4 0.075 1.08)
(0.5 0.075 1.08)
(0.6 0.075 1.08)
(0.7 0.075 1.08)
(0.8 0.075 1.08)
(0.9 0.075 1.08)
(1 0.075 1.08)
(1.1 0.075 1.08)
(1.2 0.075 1.08)
(1.3 0.075 1.08)
(1.4 0.075 1.08)
(1.5 0.075 1.08)
(1.6 0.075 1.08)
(1.7 0.075 1.08)
(1.8 0.075 1.08)
(1.9 0.075 1.08)
(2 0.075 1.08)
(0 0.0875 1.08)
(0.1 0.0875 1.08)
(0.2 0.0875 1.08)
(0.3 0.0875 1.08)
(0.4 0.0875 1.08)
(0.5 0.0875 1.08)
(0.6 0.0875 1.08)
(0.7 0.0875 1.08)
(0.8 0.0875 1.08)
(0.9 0.0875 1.08)
(1 0.0875 1.08)
(1.1 0.0875 1.08)
(1.2 0.0875 1.08)
(1.3 0.0875 1.08)
(1.4 0.0875 1.08)
(1.5 0.0875 1.08)
(1.6 0.0875 1.08)
(1.7 0.0875 1.08)
(1.8 0.0875 1.08)
(1.9 0.0875 1.08)
(2 0.0875 1.08)
(0 0.1 1.08)
(0.1 0.1 1.08)
(0.2 0.1 1.08)
(0.3 0.1 1.08)
(0.4 0.1 1.08)
(0.5 0.1 1.08)
(0.6 0.1 1.08)
(0.7 0.1 1.08)
(0.8 0.1 1.08)
(0.9 0.1 1.08)
(1 0.1 1.08)
(1.1 0.1 1.08)
(1.2 0.1 1.08)
(1.3 0.1 1.08)
(1.4 0.1 1.08)
(1.5 0.1 1.08)
(1.6 0.1 1.08)
(1.7 0.1 1.08)
(1.8 0.1 1.08)
(1.9 0.1 1.08)
(2 0.1 1.08)
(0 0 1.14)
(0.1 0 1.14)
(0.2 0 1.14)
(0.3 0 1.14)
(0.4 0 1.14)
(0.5 0 1.14)
(0.6 0 1.14)
(0.7 0 1.14)
(0.8 0 1.14)
(0.9 0 1.14)
(1 0 1.14)
(1.1 0 1.14)
(1.2 0 1.14)
(1.3 0 1.14)
(1.4 0 1.14)
(1.5 0 1.14)
(1.6 0 1.14)
(1.7 0 1.14)
(1.8 0 1.14)
(1.9 0 1.14)
(2 0 1.14)
(0 0.0125 1.14)
(0.1 0.0125 1.14)
(0.2 0.0125 1.14)
(0.3 0.0125 1.14)
(0.4 0.0125 1.14)
(0.5 0.0125 1.14)
(0.6 0.0125 1.14)
(0.7 0.0125 1.14)
(0.8 0.0125 1.14)
(0.9 0.0125 1.14)
(1 0.0125 1.14)
(1.1 0.0125 1.14)
(1.2 0.0125 1.14)
(1.3 0.0125 1.14)
(1.4 0.0125 1.14)
(1.5 0.0125 1.14)
(1.6 0.0125 1.14)
(1.7 0.0125 1.14)
(1.8 0.0125 1.14)
(1.9 0.0125 1.14)
(2 0.0125 1.14)
(0 0.025 1.14)
(0.1 0.025 1.14)
(0.2 0.025 1.14)
(0.3 0.025 1.14)
(0.4 0.025 1.14)
(0.5 0.025 1.14)
(0.6 0.025 1.14)
(0.7 0.025 1.14)
(0.8 0.025 1.14)
(0.9 0.025 1.14)
(1 0.025 1.14)
(1.1 0.025 1.14)
(1.2 0.025 1.14)
(1.3 0.025 1.14)
(1.4 0.025 1.14)
(1.5 0.025 1.14)
(1.6 0.025 1.14)
(1.7 0.025 1.14)
(1.8 0.025 1.14)
(1.9 0.025 1.14)
(2 0.025 1.14)
(0 0.0375 1.14)
(0.1 0.0375 1.14)
(0.2 0.0375 1.14)
(0.3 0.0375 1.14)
(0.4 0.0375 1.14)
(0.5 0.0375 1.14)
(0.6 0.0375 1.14)
(0.7 0.0375 1.14)
(0.8 0.0375 1.14)
(0.9 0.0375 1.14)
(1 0.0375 1.14)
(1.1 0.0375 1.14)
(1.2 0.0375 1.14)
(1.3 0.0375 1.14)
(1.4 0.0375 1.14)
(1.5 0.0375 1.14)
(1.6 0.0375 1.14)
(1.7 0.0375 1.14)
(1.8 0.0375 1.14)
(1.9 0.0375 1.14)
(2 0.0375 1.14)
(0 0.05 1.14)
(0.1 0.05 1.14)
(0.2 0.05 1.14)
(0.3 0.05 1.14)
(0.4 0.05 1.14)
(0.5 0.05 1.14)
(0.6 0.05 1.14)
(0.7 0.05 1.14)
(0.8 0.05 1.14)
(0.9 0.05 1.14)
(1 0.05 1.14)
(1.1 0.05 1.14)
(1.2 0.05 1.14)
(1.3 0.05 1.14)
(1.4 0.05 1.14)
(1.5 0.05 1.14)
(1.6 0.05 1.14)
(1.7 0.05 1.14)
(1.8 0.05 1.14)
(1.9 0.05 1.14)
(2 0.05 1.14)
(0 0.0625 1.14)
(0.1 0.0625 1.14)
(0.2 0.0625 1.14)
(0.3 0.0625 1.14)
(0.4 0.0625 1.14)
(0.5 0.0625 1.14)
(0.6 0.0625 1.14)
(0.7 0.0625 1.14)
(0.8 0.0625 1.14)
(0.9 0.0625 1.14)
(1 0.0625 1.14)
(1.1 0.0625 1.14)
(1.2 0.0625 1.14)
(1.3 0.0625 1.14)
(1.4 0.0625 1.14)
(1.5 0.0625 1.14)
(1.6 0.0625 1.14)
(1.7 0.0625 1.14)
(1.8 0.0625 1.14)
(1.9 0.0625 1.14)
(2 0.0625 1.14)
(0 0.075 1.14)
(0.1 0.075 1.14)
(0.2 0.075 1.14)
(0.3 0.075 1.14)
(0.4 0.075 1.14)
(0.5 0.075 1.14)
(0.6 0.075 1.14)
(0.7 0.075 1.14)
(0.8 0.075 1.14)
(0.9 0.075 1.14)
(1 0.075 1.14)
(1.1 0.075 1.14)
(1.2 0.075 1.14)
(1.3 0.075 1.14)
(1.4 0.075 1.14)
(1.5 0.075 1.14)
(1.6 0.075 1.14)
(1.7 0.075 1.14)
(1.8 0.075 1.14)
(1.9 0.075 1.14)
(2 0.075 1.14)
(0 0.0875 1.14)
(0.1 0.0875 1.14)
(0.2 0.0875 1.14)
(0.3 0.0875 1.14)
(0.4 0.0875 1.14)
(0.5 0.0875 1.14)
(0.6 0.0875 1.14)
(0.7 0.0875 1.14)
(0.8 0.0875 1.14)
(0.9 0.0875 1.14)
(1 0.0875 1.14)
(1.1 0.0875 1.14)
(1.2 0.0875 1.14)
(1.3 0.0875 1.14)
(1.4 0.0875 1.14)
(1.5 0.0875 1.14)
(1.6 0.0875 1.14)
(1.7 0.0875 1.14)
(1.8 0.0875 1.14)
(1.9 0.0875 1.14)
(2 0.0875 1.14)
(0 0.1 1.14)
(0.1 0.1 1.14)
(0.2 0.1 1.14)
(0.3 0.1 1.14)
(0.4 0.1 1.14)
(0.5 0.1 1.14)
(0.6 0.1 1.14)
(0.7 0.1 1.14)
(0.8 0.1 1.14)
(0.9 0.1 1.14)
(1 0.1 1.14)
(1.1 0.1 1.14)
(1.2 0.1 1.14)
(1.3 0.1 1.14)
(1.4 0.1 1.14)
(1.5 0.1 1.14)
(1.6 0.1 1.14)
(1.7 0.1 1.14)
(1.8 0.1 1.14)
(1.9 0.1 1.14)
(2 0.1 1.14)
(0 0 1.2)
(0.1 0 1.2)
(0.2 0 1.2)
(0.3 0 1.2)
(0.4 0 1.2)
(0.5 0 1.2)
(0.6 0 1.2)
(0.7 0 1.2)
(0.8 0 1.2)
(0.9 0 1.2)
(1 0 1.2)
(1.1 0 1.2)
(1.2 0 1.2)
(1.3 0 1.2)
(1.4 0 1.2)
(1.5 0 1.2)
(1.6 0 1.2)
(1.7 0 1.2)
(1.8 0 1.2)
(1.9 0 1.2)
(2 0 1.2)
(0 0.0125 1.2)
(0.1 0.0125 1.2)
(0.2 0.0125 1.2)
(0.3 0.0125 1.2)
(0.4 0.0125 1.2)
(0.5 0.0125 1.2)
(0.6 0.0125 1.2)
(0.7 0.0125 1.2)
(0.8 0.0125 1.2)
(0.9 0.0125 1.2)
(1 0.0125 1.2)
(1.1 0.0125 1.2)
(1.2 0.0125 1.2)
(1.3 0.0125 1.2)
(1.4 0.0125 1.2)
(1.5 0.0125 1.2)
(1.6 0.0125 1.2)
(1.7 0.0125 1.2)
(1.8 0.0125 1.2)
(1.9 0.0125 1.2)
(2 0.0125 1.2)
(0 0.025 1.2)
(0.1 0.025 1.2)
(0.2 0.025 1.2)
(0.3 0.025 1.2)
(0.4 0.025 1.2)
(0.5 0.025 1.2)
(0.6 0.025 1.2)
(0.7 0.025 1.2)
(0.8 0.025 1.2)
(0.9 0.025 1.2)
(1 0.025 1.2)
(1.1 0.025 1.2)
(1.2 0.025 1.2)
(1.3 0.025 1.2)
(1.4 0.025 1.2)
(1.5 0.025 1.2)
(1.6 0.025 1.2)
(1.7 0.025 1.2)
(1.8 0.025 1.2)
(1.9 0.025 1.2)
(2 0.025 1.2)
(0 0.0375 1.2)
(0.1 0.0375 1.2)
(0.2 0.0375 1.2)
(0.3 0.0375 1.2)
(0.4 0.0375 1.2)
(0.5 0.0375 1.2)
(0.6 0.0375 1.2)
(0.7 0.0375 1.2)
(0.8 0.0375 1.2)
(0.9 0.0375 1.2)
(1 0.0375 1.2)
(1.1 0.0375 1.2)
(1.2 0.0375 1.2)
(1.3 0.0375 1.2)
(1.4 0.0375 1.2)
(1.5 0.0375 1.2)
(1.6 0.0375 1.2)
(1.7 0.0375 1.2)
(1.8 0.0375 1.2)
(1.9 0.0375 1.2)
(2 0.0375 1.2)
(0 0.05 1.2)
(0.1 0.05 1.2)
(0.2 0.05 1.2)
(0.3 0.05 1.2)
(0.4 0.05 1.2)
(0.5 0.05 1.2)
(0.6 0.05 1.2)
(0.7 0.05 1.2)
(0.8 0.05 1.2)
(0.9 0.05 1.2)
(1 0.05 1.2)
(1.1 0.05 1.2)
(1.2 0.05 1.2)
(1.3 0.05 1.2)
(1.4 0.05 1.2)
(1.5 0.05 1.2)
(1.6 0.05 1.2)
(1.7 0.05 1.2)
(1.8 0.05 1.2)
(1.9 0.05 1.2)
(2 0.05 1.2)
(0 0.0625 1.2)
(0.1 0.0625 1.2)
(0.2 0.0625 1.2)
(0.3 0.0625 1.2)
(0.4 0.0625 1.2)
(0.5 0.0625 1.2)
(0.6 0.0625 1.2)
(0.7 0.0625 1.2)
(0.8 0.0625 1.2)
(0.9 0.0625 1.2)
(1 0.0625 1.2)
(1.1 0.0625 1.2)
(1.2 0.0625 1.2)
(1.3 0.0625 1.2)
(1.4 0.0625 1.2)
(1.5 0.0625 1.2)
(1.6 0.0625 1.2)
(1.7 0.0625 1.2)
(1.8 0.0625 1.2)
(1.9 0.0625 1.2)
(2 0.0625 1.2)
(0 0.075 1.2)
(0.1 0.075 1.2)
(0.2 0.075 1.2)
(0.3 0.075 1.2)
(0.4 0.075 1.2)
(0.5 0.075 1.2)
(0.6 0.075 1.2)
(0.7 0.075 1.2)
(0.8 0.075 1.2)
(0.9 0.075 1.2)
(1 0.075 1.2)
(1.1 0.075 1.2)
(1.2 0.075 1.2)
(1.3 0.075 1.2)
(1.4 0.075 1.2)
(1.5 0.075 1.2)
(1.6 0.075 1.2)
(1.7 0.075 1.2)
(1.8 0.075 1.2)
(1.9 0.075 1.2)
(2 0.075 1.2)
(0 0.0875 1.2)
(0.1 0.0875 1.2)
(0.2 0.0875 1.2)
(0.3 0.0875 1.2)
(0.4 0.0875 1.2)
(0.5 0.0875 1.2)
(0.6 0.0875 1.2)
(0.7 0.0875 1.2)
(0.8 0.0875 1.2)
(0.9 0.0875 1.2)
(1 0.0875 1.2)
(1.1 0.0875 1.2)
(1.2 0.0875 1.2)
(1.3 0.0875 1.2)
(1.4 0.0875 1.2)
(1.5 0.0875 1.2)
(1.6 0.0875 1.2)
(1.7 0.0875 1.2)
(1.8 0.0875 1.2)
(1.9 0.0875 1.2)
(2 0.0875 1.2)
(0 0.1 1.2)
(0.1 0.1 1.2)
(0.2 0.1 1.2)
(0.3 0.1 1.2)
(0.4 0.1 1.2)
(0.5 0.1 1.2)
(0.6 0.1 1.2)
(0.7 0.1 1.2)
(0.8 0.1 1.2)
(0.9 0.1 1.2)
(1 0.1 1.2)
(1.1 0.1 1.2)
(1.2 0.1 1.2)
(1.3 0.1 1.2)
(1.4 0.1 1.2)
(1.5 0.1 1.2)
(1.6 0.1 1.2)
(1.7 0.1 1.2)
(1.8 0.1 1.2)
(1.9 0.1 1.2)
(2 0.1 1.2)
)


// ************************************************************************* //
